type      	reward    	rate      	salary    	B_ENPV    	O_ENPV    	B_Risk    	O_Risk    	B_VaR     	O_VaR     	T_VaR     
tm        	37261.0882	0.0       	0         	5000.0    	5213.80934449	30.00163871	0         	-10440.15611825	-1850.96994657	-12291.12606482
tm        	37006.0882	0.01      	0         	5000.0    	5213.80934449	29.79963506	0         	-10342.2397264	-1851.24904426	-12193.48877066
tm        	36751.0882	0.02      	0         	5000.0    	5213.80934449	29.59350889	0         	-10244.32333455	-1852.08669901	-12096.41003356
tm        	36496.0882	0.03      	0         	5000.0    	5213.80934449	29.38313269	0         	-10146.4069427	-1860.23887802	-12006.64582072
tm        	36241.0882	0.04      	0         	5000.0    	5213.80934449	29.16837366	0         	-10048.49055085	-1879.60506445	-11928.0956153
tm        	35986.0882	0.05      	0         	5000.0    	5213.80934449	28.94909338	0         	-9950.574159	-1906.41848813	-11856.99264712
tm        	35731.0882	0.06      	0         	5000.0    	5213.80934449	28.72514757	0         	-9852.65776715	-1938.72275004	-11791.38051719
tm        	35476.0882	0.07      	0         	5000.0    	5213.80934449	28.49638571	0         	-9754.7413753	-1975.34904305	-11730.09041835
tm        	35221.0882	0.08      	0         	5000.0    	5213.80934449	28.26265078	0         	-9656.82498344	-2015.53296822	-11672.35795166
tm        	34966.0882	0.09      	0         	5000.0    	5213.80934449	28.02377881	0         	-9558.90859159	-2058.74277783	-11617.65136942
tm        	34711.0882	0.1       	0         	5000.0    	5213.80934449	27.77959857	0         	-9460.99219974	-2104.59176376	-11565.5839635
tm        	34456.0882	0.11      	0         	5000.0    	5213.80934449	27.52993114	0         	-9363.07580789	-2152.78926883	-11515.86507672
tm        	34201.0882	0.12      	0         	5000.0    	5213.80934449	27.27458945	0         	-9265.15941604	-2203.111343	-11468.27075904
tm        	33946.0882	0.13      	0         	5000.0    	5213.80934449	27.01337783	0         	-9167.24302419	-2255.38220271	-11422.62522689
tm        	33691.0882	0.14      	0         	5000.0    	5213.80934449	26.74609153	0         	-9069.32663234	-2309.46200932	-11378.78864166
tm        	33436.0882	0.15      	0         	5000.0    	5213.80934449	26.47251613	0         	-8971.41024049	-2365.2385354	-11336.64877589
tm        	33181.0882	0.16      	0         	5000.0    	5213.80934449	26.19242704	0         	-8873.49384864	-2422.62132646	-11296.1151751
tm        	32926.0882	0.17      	0         	5000.0    	5213.80934449	25.90558881	0         	-8775.57745679	-2481.53752497	-11257.11498176
tm        	32671.0882	0.18      	0         	5000.0    	5213.80934449	25.61175453	0         	-8677.66106493	-2541.92883882	-11219.58990375
tm        	32416.0882	0.19      	0         	5000.0    	5213.80934449	25.31066508	0         	-8579.74467308	-2603.74932326	-11183.49399634
tm        	32161.0882	0.2       	0         	5000.0    	5213.80934449	25.00204839	0         	-8481.82828123	-2666.9637596	-11148.79204083
tm        	31906.0882	0.21      	0         	5000.0    	5213.80934449	24.68561863	0         	-8383.91188938	-2731.54648678	-11115.45837616
tm        	31651.0882	0.22      	0         	5000.0    	5213.80934449	24.36107527	0         	-8285.99549753	-2797.48059044	-11083.47608797
tm        	31396.0882	0.23      	0         	5000.0    	5213.80934449	24.02810223	0         	-8188.07910568	-2864.75738733	-11052.83649301
tm        	31141.0882	0.24      	0         	5000.0    	5213.80934449	23.68636673	0         	-8090.16271383	-2933.37616735	-11023.53888117
tm        	30886.0882	0.25      	0         	5000.0    	5213.80934449	23.33551829	0         	-7992.24632198	-3003.34417527	-10995.59049725
tm        	30631.0882	0.26      	0         	5000.0    	5213.80934449	22.97518745	0         	-7894.3320231	-3074.67683073	-10969.00885383
tm        	30376.0882	0.27      	0         	5000.0    	5213.80934449	22.60498454	0         	-7797.47622282	-3147.39820238	-10944.8744252
tm        	30121.0882	0.28      	0         	5000.0    	5213.80934449	22.22449821	0         	-7702.44280239	-3221.54177103	-10923.98457342
tm        	29866.0882	0.29      	0         	5000.0    	5213.80934449	21.83329396	0         	-7609.08037777	-3297.15154011	-10906.23191788
tm        	29611.0882	0.3       	0         	5000.0    	5213.80934449	21.43091245	0         	-7517.26174992	-3374.28358403	-10891.54533395
tm        	29356.0882	0.31      	0         	5000.0    	5213.80934449	21.0168677	0         	-7426.87889278	-3453.0081713	-10879.88706408
tm        	29101.0882	0.32      	0         	5000.0    	5213.80934449	20.59064517	0         	-7337.8392174	-3533.41266817	-10871.25188558
tm        	28846.0882	0.33      	0         	5000.0    	5213.80934449	20.15169957	0         	-7250.06273564	-3615.60553802	-10865.66827367
tm        	28591.0882	0.34      	0         	5000.0    	5213.80934449	19.6994526	0         	-7163.47987162	-3699.72192774	-10863.20179936
tm        	28336.0882	0.35      	0         	5000.0    	5213.80934449	19.23329033	0         	-7078.02974898	-3785.93163177	-10863.96138074
tm        	27839.3912	0.36      	50.0      	5000.0    	5213.80934449	18.61913506	0         	-6947.11966829	-3915.99041985	-10863.11008814
tm        	27471.5625	0.37      	73.3409   	5000.0    	5213.80934449	18.05775195	0         	-6840.43534946	-4022.647902	-10863.08325147
tm        	27086.6894	0.38      	100.2079  	5000.0    	5213.80934449	17.46854704	0         	-6730.59326062	-4132.48999084	-10863.08325146
tm        	26701.8193	0.39      	127.0742  	5000.0    	5213.80934449	16.86002571	0         	-6620.75173901	-4242.33151245	-10863.08325146
tm        	26316.9445	0.4       	153.9414  	5000.0    	5213.80934449	16.23121754	0         	-6510.90933721	-4352.17391426	-10863.08325146
tm        	25932.0727	0.41      	180.8081  	5000.0    	5213.80934449	15.58109568	0.06948161	-6401.06750455	-4462.01574691	-10863.08325146
tm        	25547.1892	0.42      	207.6772  	5000.0    	5213.80934449	14.90854864	0.44835544	-6291.2234789	-4571.85977256	-10863.08325146
tm        	25162.3197	0.43      	234.5433  	5000.0    	5213.80934449	14.21241214	1.03919229	-6181.38205832	-4681.70119314	-10863.08325146
tm        	24777.4489	0.44      	261.4098  	5000.0    	5213.80934449	13.49141281	1.75837118	-6071.5403996	-4791.54285186	-10863.08325146
tm        	24392.5651	0.45      	288.2789  	5000.0    	5213.80934449	12.74418702	2.55492964	-5961.69633752	-4901.38691394	-10863.08325146
tm        	24007.6966	0.46      	315.1449  	5000.0    	5213.80934449	11.96929618	3.39642122	-5851.85510891	-5011.22814255	-10863.08325146
tm        	23622.826 	0.47      	342.0113  	5000.0    	5213.80934449	11.16516274	4.26164894	-5742.0134824	-5121.06976906	-10863.08325146
tm        	23237.9459	0.48      	368.8797  	5000.0    	5213.80934449	10.33009466	5.13640115	-5632.17009312	-5230.91315834	-10863.08325146
tm        	22853.0762	0.49      	395.7459  	5000.0    	5213.80934449	9.46228604	6.01097542	-5522.32864647	-5340.75460499	-10863.08325146
tm        	22468.1936	0.5       	422.6148  	5000.0    	5213.80934449	8.55975591	6.87877112	-5412.48478651	-5450.59846496	-10863.08325147
tm        	22083.3252	0.51      	449.4807  	5000.0    	5213.80934449	7.62039808	7.73519749	-5302.64357463	-5560.43967684	-10863.08325147
tm        	21698.4548	0.52      	476.3471  	5000.0    	5213.80934449	6.6501176 	8.57716684	-5192.80200022	-5670.28125124	-10863.08325146
tm        	21313.5716	0.53      	503.2161  	5000.0    	5213.80934449	5.69666406	9.40260299	-5082.9580402	-5780.12521127	-10863.08325146
tm        	20928.7099	0.54      	530.0807  	5000.0    	5213.80934449	4.77961839	10.21012062	-4973.1180581	-5889.96519336	-10863.08325147
tm        	20543.8314	0.55      	556.9487  	5000.0    	5213.80934449	3.91132981	10.99892956	-4863.27497553	-5999.80827594	-10863.08325146
tm        	20158.9479	0.56      	583.8178  	5000.0    	5213.80934449	3.1031771 	11.76857795	-4753.43096552	-6109.65228595	-10863.08325147
tm        	19774.081 	0.57      	610.6834  	5000.0    	5213.80934449	2.36586522	12.51839781	-4643.59002594	-6219.49322553	-10863.08325147
tm        	19389.2033	0.58      	637.5513  	5000.0    	5213.80934449	1.70959693	13.24374645	-4533.74707953	-6329.33617194	-10863.08325147
tm        	19004.3334	0.59      	664.4176  	5000.0    	5213.80934449	1.14448017	13.94450232	-4423.90558935	-6439.17766212	-10863.08325147
tm        	18619.4533	0.6       	691.2859  	5000.0    	5213.80934449	0.68060187	14.62190565	-4314.06220586	-6549.0210456	-10863.08325146
tm        	18236.4627	0.61      	717.7634  	5000.0    	5213.80934449	0.33000671	15.27600463	-4204.57083819	-6658.51331416	-10863.08415235
tm        	17872.0997	0.62      	740.3874  	5000.0    	5213.80934449	0.11025294	15.8983889	-4098.66538712	-6764.55559119	-10863.22097831
tm        	17506.269 	0.63      	763.315   	5000.0    	5213.80934449	0.0068111 	16.50183796	-3992.7050346	-6870.88763258	-10863.59266718
tm        	17138.9759	0.64      	786.5452  	5000.0    	5213.80934449	0         	17.08723659	-3886.69990819	-6977.50358735	-10864.20349555
tm        	16770.2169	0.65      	810.0786  	5000.0    	5213.80934449	0         	17.65541974	-3780.65952187	-7084.39978766	-10865.05930952
tm        	16400.0221	0.66      	833.909   	5000.0    	5213.80934449	0         	18.20715378	-3674.60056259	-7191.56703838	-10866.16760097
tm        	16028.4025	0.67      	858.0341  	5000.0    	5213.80934449	0         	18.74316943	-3568.53737504	-7299.00021825	-10867.5375933
tm        	15655.3978	0.68      	882.4458  	5000.0    	5213.80934449	0         	19.26413965	-3462.49075942	-7406.68957666	-10869.18033608
tm        	15281.0466	0.69      	907.1361  	5000.0    	5213.80934449	0         	19.7706987	-3356.48282562	-7514.62598307	-10871.10880869
tm        	14905.4107	0.7       	932.0921  	5000.0    	5213.80934449	0         	20.26343303	-3250.54140028	-7622.79663165	-10873.33803193
tm        	14528.5603	0.71      	957.2994  	5000.0    	5213.80934449	0         	20.74289187	-3144.69757403	-7731.18761329	-10875.88518732
tm        	14150.5828	0.72      	982.7398  	5000.0    	5213.80934449	0         	21.20958544	-3038.9874886	-7839.78225531	-10878.76974391
tm        	13771.5827	0.73      	1008.3918 	5000.0    	5213.80934449	0         	21.66398787	-2933.45241499	-7948.56117787	-10882.01359286
tm        	13391.6802	0.74      	1034.2304 	5000.0    	5213.80934449	0         	22.10653995	-2828.13884554	-8057.50234586	-10885.6411914
tm        	13010.9942	0.75      	1060.2311 	5000.0    	5213.80934449	0         	22.53765974	-2723.09552919	-8166.58419037	-10889.67971956
tm        	12629.6889	0.76      	1086.36   	5000.0    	5213.80934449	0         	22.95772214	-2618.38213435	-8275.77712106	-10894.1592554
tm        	12247.9091	0.77      	1112.587  	5000.0    	5213.80934449	0         	23.36709161	-2514.05782152	-8385.05515641	-10899.11297793
tm        	11865.8223	0.78      	1138.8775 	5000.0    	5213.80934449	0         	23.76610342	-2410.18920283	-8494.38820818	-10904.57741102
tm        	11483.5941	0.79      	1165.1973 	5000.0    	5213.80934449	0         	24.15507692	-2306.84611077	-8603.74661604	-10910.59272682
tm        	11101.4042	0.8       	1191.5091 	5000.0    	5213.80934449	0         	24.5343092	-2204.10496307	-8713.09817011	-10917.20313318
tm        	10719.4026	0.81      	1217.782  	5000.0    	5213.80934449	0         	24.90409554	-2102.04143153	-8822.41594543	-10924.45737696
tm        	10337.7476	0.82      	1243.9832 	5000.0    	5213.80934449	0         	25.2647134	-2000.73780862	-8931.67159602	-10932.40940464
tm        	9956.6013 	0.83      	1270.0792 	5000.0    	5213.80934449	0         	25.6164251	-1900.28318231	-9040.83605124	-10941.11923354
tm        	9576.082  	0.84      	1296.0454 	5000.0    	5213.80934449	0         	25.95949905	-1800.76590936	-9149.88819566	-10950.65410502
tm        	9196.3081 	0.85      	1321.8575 	5000.0    	5213.80934449	0         	26.2941908	-1702.28313649	-9258.80687952	-10961.09001601
tm        	8817.3962 	0.86      	1347.4912 	5000.0    	5213.80934449	0         	26.62074493	-1604.94233573	-9367.57142921	-10972.51376494
tm        	8439.4367 	0.87      	1372.9279 	5000.0    	5213.80934449	0         	26.93940528	-1508.85979643	-9476.16591325	-10985.02570968
tm        	8062.494  	0.88      	1398.1543 	5000.0    	5213.80934449	0         	27.2504151	-1414.16435045	-9584.57918328	-10998.74353372
tm        	7686.6515 	0.89      	1423.153  	5000.0    	5213.80934449	0         	27.55399924	-1321.01061954	-9692.79686148	-11013.80748102
tm        	7311.9696 	0.9       	1447.9117 	5000.0    	5213.80934449	0         	27.85038142	-1229.57904447	-9800.80875424	-11030.38779871
tm        	6938.4976 	0.91      	1472.42   	5000.0    	5213.80934449	0         	28.13977998	-1140.0887643	-9908.60685909	-11048.69562339
tm        	6566.2974 	0.92      	1496.6653 	5000.0    	5213.80934449	0         	28.42239889	-1052.81840612	-10016.18106494	-11068.99947106
tm        	6195.4142 	0.93      	1520.6382 	5000.0    	5213.80934449	0         	28.69843963	-968.12693434	-10123.52438571	-11091.65132005
tm        	5825.9301 	0.94      	1544.3215 	5000.0    	5213.80934449	0         	28.9680813	-886.5066549	-10230.62350842	-11117.13016332
tm        	5457.93   	0.95      	1567.6979 	5000.0    	5213.80934449	0         	29.23149442	-808.65509185	-10337.46486673	-11146.11995857
tm        	5091.5583 	0.96      	1590.7375 	5000.0    	5213.80934449	0         	29.48882047	-735.6379487	-10444.02468569	-11179.66263439
tm        	4727.0145 	0.97      	1613.3989 	5000.0    	5213.80934449	0         	29.74017508	-669.23003596	-10550.2699474	-11219.49998336
tm        	4364.7167 	0.98      	1635.5956 	5000.0    	5213.80934449	0         	29.98559027	-612.87561667	-10656.12994931	-11269.00556598
tm        	4056.6994 	0.99      	1646.5633 	5000.0    	5213.80934449	0         	30.2066764	-579.54150544	-10752.57431398	-11332.11581942
tm        	3787.1255 	1.0       	1649.5783 	5000.0    	5213.80934449	0         	30.40975863	-556.47993911	-10842.64636388	-11399.12630299
