type      	reward    	rate      	salary    	B_ENPV    	O_ENPV    	B_Risk    	O_Risk    	B_VaR     	O_VaR     	T_VaR     
tm        	27417.9506	0.3714	77.0822	5000	5213.809344	17.97679258	0	-6825.133742	-4037.949509	-10863.08325
tm        	26313.7604	0.4001	154.1645	5000	5213.809344	16.22593383	0	-6510.001154	-4353.082097	-10863.08325
tm        	25209.5459	0.4288	231.2467	5000	5213.809344	14.29914506	0.95848551	-6194.860392	-4668.222859	-10863.08325
tm        	24105.3314	0.4575	308.3289	5000	5213.809344	12.16857202	3.18000989	-5879.719631	-4983.363621	-10863.08325
tm        	23001.1412	0.4862	385.4111	5000	5213.809344	9.8001548	5.67500286	-5564.587043	-5298.496209	-10863.08325
tm        	21896.9267	0.5148	462.4934	5000	5213.809344	7.15155216	8.14492343	-5249.446281	-5613.63697	-10863.08325
tm        	20792.7122	0.5435	539.5756	5000	5213.809344	4.46663448	10.4910073	-4934.30552	-5928.777732	-10863.08325
tm        	19688.4977	0.5722	616.6578	5000	5213.809344	2.21256936	12.6818825	-4619.164758	-6243.918493	-10863.08325
tm        	18584.2893	0.6009	693.74	5000	5213.809344	0.64362596	14.68267716	-4304.02604	-6559.057212	-10863.08325
tm        	17397.829	0.6328	770.8223	5000	5213.809344	4.26E-05	16.67187096	-3961.870231	-6901.882389	-10863.75262
tm        	16216.4087	0.6645	847.9045	5000	5213.809344	0	18.46067726	-3623.764411	-7243.079043	-10866.84345
tm        	15077.5826	0.6946	924.9867	5000	5213.809344	0	20.01457136	-3302.466925	-7569.912472	-10872.3794
tm        	13979.7578	0.723	1002.069	5000	5213.809344	0	21.37608655	-2997.551381	-7882.881747	-10880.43313
tm        	12921.4813	0.7499	1079.1512	5000	5213.809344	0	22.57795358	-2708.72575	-8182.497818	-10891.22357
tm        	11901.1785	0.7753	1156.2334	5000	5213.809344	0	23.64609609	-2435.771053	-8469.351791	-10905.12284
tm        	10916.9403	0.7993	1233.3156	5000	5213.809344	0	24.60161305	-2178.515429	-8744.171234	-10922.68666
tm        	9966.2618	0.822	1310.3979	5000	5213.809344	0	25.46223037	-1936.823236	-9007.89461	-10944.71785
tm        	9045.8116	0.8435	1387.4801	5000	5213.809344	0	26.24331059	-1710.651989	-9261.735529	-10972.38752
tm        	8151.0297	0.8639	1464.5623	5000	5213.809344	0	26.95877438	-1500.171459	-9507.302724	-11007.47418
tm        	7276.2985	0.8836	1541.6446	5000	5213.809344	0	27.62121104	-1306.357024	-9746.529299	-11052.88632
tm        	6414.6752	0.9028	1618.7268	5000	5213.809344	0	28.24238647	-1132.277435	-9981.749245	-11114.02668
tm        	5558.9856	0.9218	1695.809	5000	5213.809344	0	28.83237901	-988.3638859	-10215.32972	-11203.69361
tm        	4799.8655	0.9369	1772.8912	5000	5213.809344	0	29.31533628	-962.0896675	-10417.80631	-11379.89598
tm        	4631.2033	0.9289	1849.9735	5000	5213.809344	0	29.27895906	-1212.879617	-10431.33486	-11644.21447
tm        	4450.625	0.9214	1927.0557	5000	5213.809344	0	29.25247793	-1460.240513	-10453.22634	-11913.46685
tm        	4260.4652	0.9142	2004.1379	5000	5213.809344	0	29.23409868	-1704.93653	-10482.12502	-12187.06156
tm        	4062.426	0.9074	2081.2201	5000	5213.809344	0	29.22250727	-1947.511551	-10517.00477	-12464.51632
tm        	3857.7114	0.9008	2158.3024	5000	5213.809344	0	29.21678127	-2188.342093	-10557.0897	-12745.43179
tm        	3647.3184	0.8944	2235.3846	5000	5213.809344	0	29.21614669	-2427.73304	-10601.73987	-13029.47291
tm        	3431.9522	0.8883	2312.4668	5000	5213.809344	0	29.22564274	-2665.895753	-10650.45964	-13316.35539
tm        	3212.1722	0.8823	2389.5491	5000	5213.809344	0.03244973	29.26084475	-2902.994914	-10702.84069	-13605.8356
tm        	2988.4954	0.8764	2466.6313	5000	5213.809344	0.24076412	29.3204108	-3139.180084	-10758.5229	-13897.70298
tm        	2761.2996	0.8707	2543.7135	5000	5213.809344	0.59920381	29.40217991	-3374.558297	-10817.21582	-14191.77411
tm        	2530.8669	0.8652	2620.7957	5000	5213.809344	1.06923178	29.50431865	-3609.208286	-10878.67985	-14487.88813
tm        	2297.4891	0.8597	2697.878	5000	5213.809344	1.62199252	29.62519727	-3843.210657	-10942.6924	-14785.90305
tm        	2061.4133	0.8543	2774.9602	5000	5213.809344	2.2356345	29.76340129	-4076.632531	-11009.06032	-15085.69286
tm        	1822.7955	0.8491	2852.0424	5000	5213.809344	2.89341038	29.91773192	-4309.515333	-11077.62976	-15387.14509
tm        	1581.8074	0.8439	2929.1246	5000	5213.809344	3.5824653	30.08710729	-4541.904701	-11148.25426	-15690.15896
tm        	1338.6208	0.8388	3006.2069	5000	5213.809344	4.29287667	30.27055938	-4773.845773	-11220.79791	-15994.64368
tm        	1093.3391	0.8339	3083.2891	5000	5213.809344	5.01689873	30.46725883	-5005.365063	-11295.15214	-16300.51721
tm        	846.1303	0.8289	3160.3713	5000	5213.809344	5.74856337	30.67642416	-5236.506086	-11371.19897	-16607.70505
tm        	597.0382	0.8241	3237.4536	5000	5213.809344	6.4831366	30.89741589	-5467.279276	-11448.86012	-16916.1394
tm        	346.1565	0.8193	3314.5358	5000	5213.809344	7.21697403	31.12962915	-5697.708377	-11528.0499	-17225.75827
tm        	93.6076	0.8146	3391.618	5000	5213.809344	7.94726679	31.3725041	-5927.824271	-11608.68062	-17536.50489
tm        	0.0001	0.8037	3468.7002	5000	5213.809344	8.75747577	31.56072147	-6198.943671	-11649.89947	-17848.84314
tm        	0.0001	0.7891	3545.7825	5000	5213.809344	9.58897281	31.73368295	-6495.201823	-11669.30894	-18164.51077
tm        	0.0001	0.7744	3622.8647	5000	5213.809344	10.38712878	31.93231504	-6792.556431	-11690.86369	-18483.42012
tm        	0.0001	0.7598	3699.9469	5000	5213.809344	11.1528721	32.15687924	-7090.844641	-11714.50371	-18805.34835
tm        	0.0001	0.7452	3777.0291	5000	5213.809344	11.88736959	32.40775907	-7389.93463	-11740.17523	-19130.10986
tm        	0.0001	0.7306	3854.1114	5000	5213.809344	12.59191475	32.68546189	-7689.718486	-11767.83014	-19457.54862
tm        	0.0001	0.716	3931.1936	5000	5213.809344	13.26785623	32.99062226	-7990.106977	-11797.42549	-19787.53247
tm        	0.0001	0.7014	4008.2758	5000	5213.809344	13.91655187	33.32400674	-8291.025648	-11828.92318	-20119.94882
tm        	0.0001	0.6868	4085.3581	5000	5213.809344	14.53933935	33.68652032	-8592.411864	-11862.28953	-20454.70139
tm        	0.0001	0.6722	4162.4403	5000	5213.809344	15.13751782	34.07921454	-8894.212537	-11897.49505	-20791.70759
tm        	0.0001	0.6575	4239.5225	5000	5213.809344	15.71233682	34.49737236	-9196.382387	-11934.51416	-21130.89655
tm        	0.0001	0.6429	4316.6047	5000	5213.809344	16.26499005	34.90635971	-9498.882477	-11973.32506	-21472.20754
tm        	0.0001	0.6283	4393.687	5000	5213.809344	16.79661241	35.30099663	-9801.679231	-12013.90943	-21815.58866
tm        	0.0001	0.6137	4470.7692	5000	5213.809344	17.30827926	35.68202538	-10104.74348	-12056.2524	-22160.99588
tm        	0.0001	0.5991	4547.8514	5000	5213.809344	17.80100702	36.05013789	-10408.04977	-12100.34242	-22508.39219
tm        	0.0001	0.5845	4624.9337	5000	5213.809344	18.27575479	36.40598	-10711.57579	-12146.17118	-22857.74697
tm        	0.0001	0.5699	4702.0159	5000	5213.809344	18.73342653	36.75015514	-11015.30191	-12193.73354	-23209.03544
tm        	0.0001	0.5553	4779.0981	5000	5213.809344	19.17487355	37.08322786	-11319.21075	-12243.02755	-23562.23831
tm        	0.0001	0.5407	4856.1803	5000	5213.809344	19.60089723	37.40572685	-11623.28692	-12294.05446	-23917.34138
tm        	0.0001	0.526	4933.2626	5000	5213.809344	20.01225179	37.71814774	-11927.51671	-12346.81871	-24274.33541
tm        	0.0001	0.5114	5010.3448	5000	5213.809344	20.40964702	38.02095568	-12231.88785	-12401.32804	-24633.21588
tm        	0.0001	0.4968	5087.427	5000	5213.809344	20.79375096	38.31458763	-12536.38937	-12457.59356	-24993.98293
tm        	0.0001	0.4822	5164.5092	5000	5213.809344	21.16519251	38.59945444	-12841.0114	-12515.62992	-25356.64132
tm        	0.0001	0.4676	5241.5915	5000	5213.809344	21.5245639	38.87594281	-13145.74505	-12575.45542	-25721.20048
tm        	0.0001	0.453	5318.6737	5000	5213.809344	21.87242303	39.14441703	-13450.58228	-12637.09227	-26087.67455
tm        	0.0001	0.4384	5395.7559	5000	5213.809344	22.20929569	39.40522056	-13755.5158	-12700.56682	-26456.08261
tm        	0.0001	0.4238	5472.8382	5000	5213.809344	22.53567763	39.65867751	-14060.539	-12765.90985	-26826.44884
tm        	0.0001	0.4091	5549.9204	5000	5213.809344	22.85203654	39.90509398	-14365.64585	-12833.15698	-27198.80283
tm        	0.0001	0.3945	5627.0026	5000	5213.809344	23.15881382	40.14475933	-14670.83087	-12902.34909	-27573.17996
tm        	0.0001	0.3799	5704.0848	5000	5213.809344	23.45642634	40.37794723	-14976.08902	-12973.53284	-27949.62187
tm        	0.0001	0.3653	5781.1671	5000	5213.809344	23.745268	40.60491678	-15281.41572	-13046.76132	-28328.17704
tm        	0.0001	0.3507	5858.2493	5000	5213.809344	24.02571118	40.82591345	-15586.80673	-13122.09475	-28708.90149
tm        	0.0001	0.3361	5935.3315	5000	5213.809344	24.29810817	41.04116995	-15892.25818	-13199.60147	-29091.85966
tm        	0.0001	0.3215	6012.4137	5000	5213.809344	24.56279242	41.25090706	-16197.76652	-13279.35895	-29477.12546
tm        	0.0001	0.3069	6089.496	5000	5213.809344	24.82007969	41.45533436	-16503.32839	-13361.45514	-29864.78353
tm        	0.0001	0.2922	6166.5782	5000	5213.809344	25.07026925	41.65465098	-16808.94078	-13445.99011	-30254.93089
tm        	0.0001	0.2776	6243.6604	5000	5213.809344	25.31364483	41.8490462	-17114.60086	-13533.07797	-30647.67883
tm        	0.0001	0.263	6320.7427	5000	5213.809344	25.55047561	42.03870008	-17420.30602	-13622.8494	-31043.15542
tm        	0.0001	0.2484	6397.8249	5000	5213.809344	25.78101711	42.22378398	-17726.05384	-13715.45468	-31441.50853
tm        	0.0001	0.2338	6474.9071	5000	5213.809344	26.00551202	42.40446112	-18031.84206	-13811.06767	-31842.90973
tm        	0.0001	0.2192	6551.9893	5000	5213.809344	26.22419096	42.58088703	-18337.66857	-13909.89079	-32247.55936
tm        	0.0001	0.2046	6629.0716	5000	5213.809344	26.43727321	42.75321002	-18643.53143	-14012.16159	-32655.69303
tm        	0.0001	0.19	6706.1538	5000	5213.809344	26.64496738	42.92157156	-18949.42881	-14118.1615	-33067.59031
tm        	0.0001	0.1753	6783.236	5000	5213.809344	26.84747205	43.0861067	-19255.35901	-14228.22752	-33483.58653
tm        	0.0001	0.1607	6860.3182	5000	5213.809344	27.04497632	43.24694442	-19561.32044	-14342.76852	-33904.08896
tm        	0.0001	0.1461	6937.4005	5000	5213.809344	27.23766038	43.40420797	-19867.31158	-14462.28823	-34329.59981
tm        	0.0001	0.1315	7014.4827	5000	5213.809344	27.425696	43.55801518	-20173.33105	-14587.41887	-34760.74992
tm        	0.0001	0.1169	7091.5649	5000	5213.809344	27.60924704	43.70847875	-20479.37754	-14718.97207	-35198.34961
tm        	0.0001	0.1023	7168.6472	5000	5213.809344	27.78846985	43.85570655	-20785.44982	-14857.66664	-35643.11646
tm        	0.0001	0.0877	7245.7294	5000	5213.809344	27.96351372	43.99980184	-21091.54672	-14998.34253	-36089.88925
tm        	0.0001	0.0731	7322.8116	5000	5213.809344	28.13452124	44.14086355	-21397.66718	-15138.89442	-36536.5616
tm        	0.0001	0.0584	7399.8938	5000	5213.809344	28.30162868	44.27898647	-21703.81012	-15279.3233	-36983.13342
tm        	0.0001	0.0438	7476.9761	5000	5213.809344	28.46496633	44.4142615	-22009.97461	-15419.63021	-37429.60482
tm        	0.0001	0.0292	7554.0583	5000	5213.809344	28.62465883	44.54677581	-22316.15974	-15559.81622	-37875.97596
tm        	0.0001	0.0146	7631.1405	5000	5213.809344	28.78082544	44.67661306	-22622.36463	-15699.88244	-38322.24707
tm        	0	0	7708.2228	5000	5213.809344	28.93358034	44.80385357	-22928.58845	-15839.82999	-38768.41844
