type      	reward    	rate      	salary    	B_ENPV    	O_ENPV    	B_Risk    	O_Risk    	B_VaR     	O_VaR     	T_VaR     
tm        	37440.272 	0.0       	0         	5106.90467225	5106.90467225	29.54219291	0         	-10447.08906727	-1813.01740124	-12260.10646851
tm        	37185.272 	0.01      	0         	5106.90467225	5106.90467225	29.33554839	0         	-10349.17267542	-1813.30234269	-12162.47501811
tm        	36930.272 	0.02      	0         	5106.90467225	5106.90467225	29.12468664	0         	-10251.25628357	-1814.15755191	-12065.41383548
tm        	36675.272 	0.03      	0         	5106.90467225	5106.90467225	28.90947723	0         	-10153.33989172	-1823.01721034	-11976.35710206
tm        	36420.272 	0.04      	0         	5106.90467225	5106.90467225	28.68978428	0         	-10055.42349987	-1843.01881669	-11898.44231655
tm        	36165.272 	0.05      	0         	5106.90467225	5106.90467225	28.46546622	0         	-9957.50710801	-1870.41309202	-11827.92020003
tm        	35910.272 	0.06      	0         	5106.90467225	5106.90467225	28.23637544	0         	-9859.59071616	-1903.26270472	-11762.85342089
tm        	35655.272 	0.07      	0         	5106.90467225	5106.90467225	28.00235797	0         	-9761.67432431	-1940.41031044	-11702.08463476
tm        	35400.272 	0.08      	0         	5106.90467225	5106.90467225	27.76325316	0         	-9663.75793246	-1981.09914357	-11644.85707603
tm        	35145.272 	0.09      	0         	5106.90467225	5106.90467225	27.51889331	0         	-9565.84154061	-2024.80294092	-11590.64448153
tm        	34890.272 	0.1       	0         	5106.90467225	5106.90467225	27.26910323	0         	-9467.92514876	-2071.13918404	-11539.0643328
tm        	34635.272 	0.11      	0         	5106.90467225	5106.90467225	27.0136999	0         	-9370.00875691	-2119.82058835	-11489.82934526
tm        	34380.272 	0.12      	0         	5106.90467225	5106.90467225	26.75249194	0         	-9272.09236506	-2170.62604802	-11442.71841308
tm        	34125.272 	0.13      	0         	5106.90467225	5106.90467225	26.48527921	0         	-9174.17597321	-2223.38228136	-11397.55825457
tm        	33870.272 	0.14      	0         	5106.90467225	5106.90467225	26.21185222	0         	-9076.25958136	-2277.95173705	-11354.21131841
tm        	33615.272 	0.15      	0         	5106.90467225	5106.90467225	25.93199166	0         	-8978.34318951	-2334.22435347	-11312.56754298
tm        	33360.272 	0.16      	0         	5106.90467225	5106.90467225	25.64546775	0         	-8880.42679765	-2392.11179299	-11272.53859065
tm        	33105.272 	0.17      	0         	5106.90467225	5106.90467225	25.35203965	0         	-8782.5104058	-2451.54332648	-11234.05373229
tm        	32850.272 	0.18      	0         	5106.90467225	5106.90467225	25.05145477	0         	-8684.59401395	-2512.46285609	-11197.05687005
tm        	32595.272 	0.19      	0         	5106.90467225	5106.90467225	24.74344804	0         	-8586.6776221	-2574.8267496	-11161.5043717
tm        	32340.272 	0.2       	0         	5106.90467225	5106.90467225	24.42774114	0         	-8488.76123025	-2638.60227301	-11127.36350327
tm        	32085.272 	0.21      	0         	5106.90467225	5106.90467225	24.10404166	0         	-8390.8448384	-2703.7664809	-11094.6113193
tm        	31830.272 	0.22      	0         	5106.90467225	5106.90467225	23.77204219	0         	-8292.92844656	-2770.30547231	-11063.23391887
tm        	31575.272 	0.23      	0         	5106.90467225	5106.90467225	23.43141936	0         	-8195.01205471	-2838.21395418	-11033.22600888
tm        	31320.272 	0.24      	0         	5106.90467225	5106.90467225	23.08183278	0         	-8097.09566286	-2907.49507953	-11004.59074239
tm        	31065.272 	0.25      	0         	5106.90467225	5106.90467225	22.72292388	0         	-7999.179271	-2978.1605486	-10977.3398196
tm        	30810.272 	0.26      	0         	5106.90467225	5106.90467225	22.35431474	0         	-7901.94158077	-3050.23098055	-10952.17256132
tm        	30555.272 	0.27      	0         	5106.90467225	5106.90467225	21.97560672	0         	-7806.51677404	-3123.73658395	-10930.25335799
tm        	30300.272 	0.28      	0         	5106.90467225	5106.90467225	21.58637904	0         	-7712.77705718	-3198.71817802	-10911.4952352
tm        	30045.272 	0.29      	0         	5106.90467225	5106.90467225	21.1861872	0         	-7620.59289596	-3275.22864916	-10895.82154512
tm        	29790.272 	0.3       	0         	5106.90467225	5106.90467225	20.7745613	0         	-7529.85435071	-3353.33497195	-10883.18932266
tm        	29535.272 	0.31      	0         	5106.90467225	5106.90467225	20.35100422	0         	-7440.46723877	-3433.12099077	-10873.58822954
tm        	29280.272 	0.32      	0         	5106.90467225	5106.90467225	19.91498957	0         	-7352.3502249	-3514.69126284	-10867.04148774
tm        	29025.272 	0.33      	0         	5106.90467225	5106.90467225	19.46595957	0         	-7265.43257886	-3598.17643184	-10863.60901069
tm        	28770.272 	0.34      	0         	5106.90467225	5106.90467225	19.00332259	0         	-7179.65242219	-3683.74088552	-10863.3933077
tm        	28230.1193	0.35      	58.9897   	5106.90467225	5106.90467225	18.37145785	0         	-7041.19556251	-3822.79091497	-10863.98647748
tm        	27944.3574	0.36      	65.3535   	5106.90467225	5106.90467225	17.86028017	0         	-6949.42582371	-3913.65742775	-10863.08325146
tm        	27559.4882	0.37      	92.2196   	5106.90467225	5106.90467225	17.27729547	0         	-6839.58447068	-4023.49878079	-10863.08325147
tm        	27174.6125	0.38      	119.087   	5106.90467225	5106.90467225	16.67550107	0         	-6729.74189713	-4133.34135434	-10863.08325147
tm        	26789.7386	0.39      	145.9541  	5106.90467225	5106.90467225	16.05397677	0         	-6619.89966453	-4243.18358693	-10863.08325146
tm        	26404.8642	0.4       	172.8213  	5106.90467225	5106.90467225	15.41173472	0.03649327	-6510.057347	-4353.02590446	-10863.08325146
tm        	26019.9898	0.41      	199.6885  	5106.90467225	5106.90467225	14.7477217	0.37925102	-6400.21501087	-4462.8682406	-10863.08325146
tm        	25635.1182	0.42      	226.5551  	5106.90467225	5106.90467225	14.06081345	0.95972327	-6290.37321469	-4572.71003677	-10863.08325147
tm        	25250.249 	0.43      	253.4212  	5106.90467225	5106.90467225	13.34980458	1.68240582	-6180.53184777	-4682.55140369	-10863.08325146
tm        	24865.3596	0.44      	280.2915  	5106.90467225	5106.90467225	12.61338982	2.49008933	-6070.68673519	-4792.39651628	-10863.08325147
tm        	24480.4927	0.45      	307.1571  	5106.90467225	5106.90467225	11.85021082	3.34680399	-5960.84580913	-4902.23744234	-10863.08325147
tm        	24095.6197	0.46      	334.0241  	5106.90467225	5106.90467225	11.05876188	4.2293438 	-5851.00373513	-5012.07951634	-10863.08325147
tm        	23710.7402	0.47      	360.8923  	5106.90467225	5106.90467225	10.23744261	5.12227505	-5741.16045117	-5121.92280028	-10863.08325146
tm        	23325.869 	0.48      	387.7588  	5106.90467225	5106.90467225	9.38453986	6.0151693 	-5631.31873283	-5231.76451863	-10863.08325146
tm        	22941.0006	0.49      	414.6248  	5106.90467225	5106.90467225	8.49819181	6.90095792	-5521.47751515	-5341.60573632	-10863.08325147
tm        	22556.1272	0.5       	441.4918  	5106.90467225	5106.90467225	7.57638629	7.77482712	-5411.63536599	-5451.44788547	-10863.08325146
tm        	22171.2451	0.51      	468.3606  	5106.90467225	5106.90467225	6.62922394	8.63351468	-5301.79161393	-5561.29163753	-10863.08325146
tm        	21786.3777	0.52      	495.2263  	5106.90467225	5106.90467225	5.6987881 	9.47482708	-5191.95059149	-5671.13265997	-10863.08325146
tm        	21401.4999	0.53      	522.0942  	5106.90467225	5106.90467225	4.80076197	10.29739945	-5082.107633	-5780.97561846	-10863.08325146
tm        	21016.6233	0.54      	548.9618  	5106.90467225	5106.90467225	3.94754936	11.10038874	-4972.26490151	-5890.81834995	-10863.08325146
tm        	20631.7551	0.55      	575.8277  	5106.90467225	5106.90467225	3.15055932	11.8833628	-4862.42372721	-6000.65952425	-10863.08325146
tm        	20246.8749	0.56      	602.6961  	5106.90467225	5106.90467225	2.42042054	12.64516343	-4752.5803128	-6110.50293866	-10863.08325146
tm        	19862.0004	0.57      	629.5634  	5106.90467225	5106.90467225	1.76735232	13.38101152	-4642.73797168	-6220.34527979	-10863.08325147
tm        	19477.1272	0.58      	656.4303  	5106.90467225	5106.90467225	1.20128927	14.09148475	-4532.89586574	-6330.18738573	-10863.08325146
tm        	19092.2563	0.59      	683.2968  	5106.90467225	5106.90467225	0.73213524	14.77787275	-4423.05419654	-6440.02905493	-10863.08325146
tm        	18707.3788	0.6       	710.1646  	5106.90467225	5106.90467225	0.36993193	15.44138505	-4313.21129396	-6549.8719575	-10863.08325146
tm        	18333.1298	0.61      	734.8337  	5106.90467225	5106.90467225	0.13116594	16.07698697	-4205.37048672	-6657.74220622	-10863.11269294
tm        	17968.1605	0.62      	757.5831  	5106.90467225	5106.90467225	0.01380175	16.68679766	-4099.440031	-6763.90494835	-10863.34497935
tm        	17601.7374	0.63      	780.6333  	5106.90467225	5106.90467225	0         	17.27806452	-3993.45851557	-6870.35281048	-10863.81132606
tm        	17233.8701	0.64      	803.9822  	5106.90467225	5106.90467225	0         	17.85165157	-3887.43703088	-6977.0794273	-10864.51645818
tm        	16864.5592	0.65      	827.6298  	5106.90467225	5106.90467225	0         	18.40837444	-3781.38599639	-7084.08066391	-10865.4666603
tm        	16493.8243	0.66      	851.5719  	5106.90467225	5106.90467225	0         	18.9489892	-3675.32034942	-7191.34950267	-10866.66985209
tm        	16121.6986	0.67      	875.8018  	5106.90467225	5106.90467225	0         	19.47419961	-3569.25864216	-7298.87703037	-10868.13567253
tm        	15748.2095	0.68      	900.3137  	5106.90467225	5106.90467225	0         	19.98467103	-3463.21968438	-7406.65588853	-10869.8755729
tm        	15373.4171	0.69      	925.0952  	5106.90467225	5106.90467225	0         	20.4810135	-3357.22961464	-7514.67330328	-10871.90291792
tm        	14997.3664	0.7       	950.137   	5106.90467225	5106.90467225	0         	20.96380984	-3251.31344219	-7622.91965208	-10874.23309427
tm        	14620.139 	0.71      	975.4223  	5106.90467225	5106.90467225	0         	21.43359182	-3145.5045169	-7731.37910959	-10876.88362649
tm        	14241.8355	0.72      	1000.9302 	5106.90467225	5106.90467225	0         	21.89085233	-3039.84152529	-7840.0327745	-10879.87429979
tm        	13862.546 	0.73      	1026.642  	5106.90467225	5106.90467225	0         	22.33606238	-2934.36337386	-7948.86391697	-10883.22729083
tm        	13482.3948	0.74      	1052.5321 	5106.90467225	5106.90467225	0         	22.76965111	-2829.11745207	-8057.84985584	-10886.96730791
tm        	13101.5217	0.75      	1078.5715 	5106.90467225	5106.90467225	0         	23.19201754	-2724.15641381	-8166.96533111	-10891.12174492
tm        	12720.0706	0.76      	1104.7306 	5106.90467225	5106.90467225	0         	23.60353781	-2619.53639041	-8276.18446434	-10895.72085475
tm        	12338.1914	0.77      	1130.9781 	5106.90467225	5106.90467225	0         	24.00456562	-2515.31764138	-8385.4803109	-10900.79795227
tm        	11956.0489	0.78      	1157.2802 	5106.90467225	5106.90467225	0         	24.39542994	-2411.56631373	-8494.82334653	-10906.38966026
tm        	11573.8136	0.79      	1183.6014 	5106.90467225	5106.90467225	0         	24.77644044	-2308.35320714	-8604.18301008	-10912.53621722
tm        	11191.6379	0.8       	1209.9103 	5106.90467225	5106.90467225	0         	25.14789937	-2205.74987312	-8713.53199849	-10919.28187161
tm        	10809.7012	0.81      	1236.1698 	5106.90467225	5106.90467225	0         	25.51008227	-2103.8372315	-8822.83816276	-10926.67539426
tm        	10428.1344	0.82      	1262.3527 	5106.90467225	5106.90467225	0         	25.86327202	-2002.69273563	-8932.07801454	-10934.77075016
tm        	10047.0858	0.83      	1288.4285 	5106.90467225	5106.90467225	0         	26.2077306	-1902.40296652	-9041.22501609	-10943.62798261
tm        	9666.6863 	0.84      	1314.3699 	5106.90467225	5106.90467225	0         	26.5437148	-1803.05860296	-9150.25577783	-10953.31438078
tm        	9287.0588 	0.85      	1340.1517 	5106.90467225	5106.90467225	0         	26.87147256	-1704.75765459	-9259.14837255	-10963.90602714
tm        	8908.2802 	0.86      	1365.7578 	5106.90467225	5106.90467225	0         	27.19125934	-1607.60060836	-9367.88925244	-10975.4898608
tm        	8530.4573 	0.87      	1391.1663 	5106.90467225	5106.90467225	0         	27.5033066	-1511.70687944	-9476.45957574	-10988.16645518
tm        	8153.666  	0.88      	1416.3613 	5106.90467225	5106.90467225	0         	27.8078477	-1417.2076558	-9584.84615195	-11002.05380775
tm        	7777.9656 	0.89      	1441.3307 	5106.90467225	5106.90467225	0         	28.10511209	-1324.25372225	-9693.03888212	-11017.29260436
tm        	7403.4191 	0.9       	1466.0613 	5106.90467225	5106.90467225	0         	28.39531768	-1233.02651169	-9801.02718981	-11034.05370149
tm        	7030.0641 	0.91      	1490.5455 	5106.90467225	5106.90467225	0         	28.67868253	-1143.74395655	-9908.8051118	-11052.54906834
tm        	6657.983  	0.92      	1514.7662 	5106.90467225	5106.90467225	0         	28.95539804	-1056.68947676	-10016.35888388	-11073.04836064
tm        	6287.2176 	0.93      	1538.7146 	5106.90467225	5106.90467225	0         	29.22566285	-972.2229708	-10123.68216501	-11095.9051358
tm        	5917.8412 	0.94      	1562.3757 	5106.90467225	5106.90467225	0         	29.48965528	-890.83743487	-10230.76319234	-11121.6006272
tm        	5549.9369 	0.95      	1585.7323 	5106.90467225	5106.90467225	0         	29.74754253	-813.2333628	-10337.58873134	-11150.82209414
tm        	5183.6596 	0.96      	1608.7523 	5106.90467225	5106.90467225	0         	29.99945832	-740.4834949	-10444.13312309	-11184.61661799
tm        	4819.2088 	0.97      	1631.3944 	5106.90467225	5106.90467225	0         	30.24551475	-674.3713599	-10550.36341192	-11224.73477182
tm        	4456.9989 	0.98      	1653.573  	5106.90467225	5106.90467225	0         	30.48574172	-618.35784825	-10656.20954792	-11274.56739617
tm        	4150.5311 	0.99      	1664.2202 	5106.90467225	5106.90467225	0         	30.70122284	-585.46152736	-10752.39208808	-11337.85361544
tm        	3881.064  	1.0       	1667.213  	5106.90467225	5106.90467225	0         	30.89932188	-562.42896965	-10842.45897008	-11404.88793973
