type      	reward    	rate      	salary    	B_ENPV    	O_ENPV    	B_Risk    	O_Risk    	B_VaR     	O_VaR     	T_VaR     
tm        	28880.5352	0.3357    	0.0       	5106.90467225	5106.90467225	19.2050781	0         	-7216.60820837	-3646.47504309	-10863.08325146
tm        	27771.0209	0.3645    	77.4529   	5106.90467225	5106.90467225	17.59998463	0         	-6899.95540877	-3963.1278427	-10863.08325147
tm        	26661.5126	0.3933    	154.9058  	5106.90467225	5106.90467225	15.84236163	0         	-6583.30465247	-4279.77859899	-10863.08325146
tm        	25551.9801	0.4222    	232.3587  	5106.90467225	5106.90467225	13.90930837	1.10619133	-6266.6457229	-4596.43752856	-10863.08325146
tm        	24442.4597	0.451     	309.8116  	5106.90467225	5106.90467225	11.77327877	3.43316991	-5949.99087998	-4913.09237149	-10863.08325146
tm        	23332.9393	0.4798    	387.2645  	5106.90467225	5106.90467225	9.40049517	5.99881779	-5633.33603705	-5229.74721442	-10863.08325147
tm        	22223.4311	0.5086    	464.7174  	5106.90467225	5106.90467225	6.75715013	8.51806411	-5316.68528075	-5546.39797071	-10863.08325146
tm        	21113.8985	0.5375    	542.1703  	5106.90467225	5106.90467225	4.15831717	10.89932476	-5000.02635119	-5863.05690028	-10863.08325146
tm        	20004.3903	0.5663    	619.6232  	5106.90467225	5106.90467225	1.99935081	13.11180445	-4683.3755949	-6179.70765656	-10863.08325146
tm        	18894.8699	0.5951    	697.0762  	5106.90467225	5106.90467225	0.53237196	15.12094322	-4366.72075197	-6496.36249949	-10863.08325146
tm        	17708.1863	0.627     	774.5291  	5106.90467225	5106.90467225	0         	17.10396512	-4024.66685821	-6838.9886361	-10863.65549431
tm        	16518.475 	0.659     	851.982   	5106.90467225	5106.90467225	0         	18.900837 	-3683.90700358	-7182.70421612	-10866.61121971
tm        	15371.4065	0.6893    	929.4349  	5106.90467225	5106.90467225	0         	20.45991104	-3359.9647552	-7512.04456156	-10872.00931677
tm        	14265.3637	0.7179    	1006.8878 	5106.90467225	5106.90467225	0         	21.82468265	-3052.39947847	-7827.51221227	-10879.91169074
tm        	13198.9117	0.7451    	1084.3407 	5106.90467225	5106.90467225	0         	23.02847848	-2760.91690124	-8129.60862202	-10890.52552325
tm        	12170.4699	0.7707    	1161.7936 	5106.90467225	5106.90467225	0         	24.09766362	-2485.28364061	-8418.92462134	-10904.20826195
tm        	11178.1899	0.795     	1239.2465 	5106.90467225	5106.90467225	0         	25.05355788	-2225.32941041	-8696.16577423	-10921.49518464
tm        	10219.64  	0.8179    	1316.6994 	5106.90467225	5106.90467225	0         	25.91401328	-1980.91280701	-8962.24539039	-10943.15819739
tm        	9291.5978 	0.8396    	1394.1523 	5106.90467225	5106.90467225	0         	26.69441864	-1751.97704535	-9218.34078169	-10970.31782703
tm        	8389.7226 	0.8603    	1471.6052 	5106.90467225	5106.90467225	0         	27.40856392	-1538.67255422	-9465.98937694	-11004.66193116
tm        	7508.5669 	0.8801    	1549.0581 	5106.90467225	5106.90467225	0         	28.06894472	-1341.84438814	-9707.07088739	-11048.91527553
tm        	6641.4553 	0.8995    	1626.511  	5106.90467225	5106.90467225	0         	28.68712065	-1164.19394082	-9943.83540391	-11108.02934472
tm        	5781.2745 	0.9185    	1703.9639 	5106.90467225	5106.90467225	0         	29.27316488	-1014.58217533	-10178.63524406	-11193.21741938
tm        	4926.8693 	0.9373    	1781.4168 	5106.90467225	5106.90467225	0         	29.83052122	-938.29486388	-10411.84298081	-11350.13784469
tm        	4757.4732 	0.9293    	1858.8697 	5106.90467225	5106.90467225	0         	29.79837398	-1190.26241663	-10424.81116425	-11615.07358088
tm        	4577.0486 	0.9217    	1936.3227 	5106.90467225	5106.90467225	0         	29.77516035	-1439.0927684	-10445.96421892	-11885.05698732
tm        	4386.7505 	0.9145    	2013.7756 	5106.90467225	5106.90467225	0         	29.76013363	-1685.16792437	-10474.3085329	-12159.47645726
tm        	4188.3665 	0.9076    	2091.2285 	5106.90467225	5106.90467225	0         	29.7519447	-1929.06032042	-10508.77466933	-12437.83498975
tm        	3983.1246 	0.9009    	2168.6814 	5106.90467225	5106.90467225	0         	29.74967694	-2171.15521239	-10548.5664646	-12719.72167699
tm        	3772.1071 	0.8945    	2246.1343 	5106.90467225	5106.90467225	0         	29.75250356	-2411.78397903	-10593.00824703	-13004.79222605
tm        	3556.0069 	0.8883    	2323.5872 	5106.90467225	5106.90467225	0         	29.76138375	-2651.15464673	-10641.60019425	-13292.75484099
tm        	3335.4199 	0.8823    	2401.0401 	5106.90467225	5106.90467225	0.00488869	29.79259064	-2889.44292919	-10693.91681545	-13583.35974463
tm        	3110.8701 	0.8764    	2478.493  	5106.90467225	5106.90467225	0.1487595 	29.84872397	-3126.80048187	-10749.5907636	-13876.39124548
tm        	2882.7218 	0.8707    	2555.9459 	5106.90467225	5106.90467225	0.45396524	29.92758496	-3363.33074847	-10808.33087974	-14171.6616282
tm        	2651.299  	0.8651    	2633.3988 	5106.90467225	5106.90467225	0.87973046	30.02726533	-3599.12441058	-10869.88196806	-14469.00637864
tm        	2416.9166 	0.8596    	2710.8517 	5106.90467225	5106.90467225	1.39550588	30.14608414	-3834.26849394	-10934.01190873	-14768.28040267
tm        	2179.7578 	0.8542    	2788.3046 	5106.90467225	5106.90467225	1.97805981	30.28264082	-4068.81228902	-11000.54270852	-15069.35499754
tm        	1940.0303 	0.8489    	2865.7575 	5106.90467225	5106.90467225	2.60965048	30.43567102	-4302.81169965	-11069.30370075	-15372.1154004
tm        	1697.9548 	0.8437    	2943.2104 	5106.90467225	5106.90467225	3.27664265	30.60403919	-4536.32548091	-11140.13330464	-15676.45878555
tm        	1453.6178 	0.8386    	3020.6633 	5106.90467225	5106.90467225	3.96837272	30.78680906	-4769.3756056	-11212.91700847	-15982.29261406
tm        	1207.1765 	0.8336    	3098.1162 	5106.90467225	5106.90467225	4.67660579	30.98309862	-5002.00310834	-11287.53015506	-16289.5332634
tm        	958.7757  	0.8287    	3175.5692 	5106.90467225	5106.90467225	5.39491426	31.19212258	-5234.24529745	-11363.85958362	-16598.10488107
tm        	708.4679  	0.8238    	3253.0221 	5106.90467225	5106.90467225	6.11820952	31.41321968	-5466.11492166	-11441.82349786	-16907.93841952
tm        	456.3601  	0.819     	3330.475  	5106.90467225	5106.90467225	6.84255591	31.64576441	-5697.63917799	-11521.33164063	-17218.97081862
tm        	202.552   	0.8143    	3407.9279 	5106.90467225	5106.90467225	7.56487855	31.88919479	-5928.84308546	-11602.30122366	-17531.14430912
tm        	0.0001    	0.8075    	3485.3808 	5106.90467225	5106.90467225	8.31183758	32.1223505	-6173.25395425	-11671.20836681	-17844.46232107
tm        	0.0001    	0.7929    	3562.8337 	5106.90467225	5106.90467225	9.14836277	32.29581642	-6470.2643053	-11690.30482958	-18160.56913488
tm        	0.0001    	0.7782    	3640.2866 	5106.90467225	5106.90467225	9.95217877	32.49540104	-6768.46305807	-11711.57321664	-18480.03627471
tm        	0.0001    	0.7635    	3717.7395 	5106.90467225	5106.90467225	10.72399069	32.72136438	-7067.67108078	-11734.95196105	-18802.62304183
tm        	0.0001    	0.7488    	3795.1924 	5106.90467225	5106.90467225	11.4648084	32.97409063	-7367.74387969	-11760.38585238	-19128.12973207
tm        	0.0001    	0.7341    	3872.6453 	5106.90467225	5106.90467225	12.17581366	33.25409  	-7668.56353461	-11787.82547917	-19456.38901378
tm        	0.0001    	0.7194    	3950.0982 	5106.90467225	5106.90467225	12.85827474	33.56200199	-7970.03280662	-11817.2267502	-19787.25955682
tm        	0.0001    	0.7048    	4027.5511 	5106.90467225	5106.90467225	13.51349131	33.89860035	-8272.07075933	-11848.55048382	-20120.62124314
tm        	0.0001    	0.6901    	4105.004  	5106.90467225	5106.90467225	14.14275881	34.26479946	-8574.60945564	-11881.76205651	-20456.37151215
tm        	0.0001    	0.6754    	4182.4569 	5106.90467225	5106.90467225	14.74734579	34.66166261	-8877.59143173	-11916.83110346	-20794.42253519
tm        	0.0001    	0.6607    	4259.9098 	5106.90467225	5106.90467225	15.32847974	35.07434907	-9180.96776033	-11953.73125103	-21134.69901136
tm        	0.0001    	0.646     	4337.3627 	5106.90467225	5106.90467225	15.88733863	35.47303326	-9484.69644519	-11992.43996124	-21477.13640643
tm        	0.0001    	0.6313    	4414.8157 	5106.90467225	5106.90467225	16.42504646	35.85772854	-9788.74132372	-12032.93827081	-21821.67959453
tm        	0.0001    	0.6167    	4492.2686 	5106.90467225	5106.90467225	16.94267123	36.22915846	-10093.07102567	-12075.21070799	-22168.28173366
tm        	0.0001    	0.602     	4569.7215 	5106.90467225	5106.90467225	17.44122474	36.58799753	-10397.65821452	-12119.24516873	-22516.90338325
tm        	0.0001    	0.5873    	4647.1744 	5106.90467225	5106.90467225	17.92166351	36.93487531	-10702.47895671	-12165.0328374	-22867.51179411
tm        	0.0001    	0.5726    	4724.6273 	5106.90467225	5106.90467225	18.38489053	37.27038004	-11007.51220614	-12212.56813626	-23220.0803424
tm        	0.0001    	0.5579    	4802.0802 	5106.90467225	5106.90467225	18.83175729	37.59506204	-11312.7393799	-12261.84870305	-23574.58808296
tm        	0.0001    	0.5433    	4879.5331 	5106.90467225	5106.90467225	19.26306628	37.90943667	-11618.14400701	-12312.8753967	-23931.01940372
tm        	0.0001    	0.5286    	4956.986  	5106.90467225	5106.90467225	19.67957349	38.2139871	-11923.71143572	-12365.65233157	-24289.36376729
tm        	0.0001    	0.5139    	5034.4389 	5106.90467225	5106.90467225	20.08199097	38.50916674	-12229.42858837	-12420.1869414	-24649.61552976
tm        	0.0001    	0.4992    	5111.8918 	5106.90467225	5106.90467225	20.47098943	38.79540155	-12535.28375501	-12476.49007453	-25011.77382954
tm        	0.0001    	0.4845    	5189.3447 	5106.90467225	5106.90467225	20.84720067	39.07309203	-12841.26641863	-12534.57612298	-25375.84254161
tm        	0.0001    	0.4698    	5266.7976 	5106.90467225	5106.90467225	21.21122001	39.34261514	-13147.36710671	-12594.46318854	-25741.83029525
tm        	0.0001    	0.4552    	5344.2505 	5106.90467225	5106.90467225	21.56360855	39.604326 	-13453.57726436	-12656.17328997	-26109.75055433
tm        	0.0001    	0.4405    	5421.7034 	5106.90467225	5106.90467225	21.90489536	39.8585594	-13759.88914562	-12719.73261689	-26479.62176251
tm        	0.0001    	0.4258    	5499.1563 	5106.90467225	5106.90467225	22.2355795	40.10563129	-14066.29571985	-12785.17183685	-26851.4675567
tm        	0.0001    	0.4111    	5576.6092 	5106.90467225	5106.90467225	22.55613193	40.34584008	-14372.79059087	-12852.52646421	-27225.31705508
tm        	0.0001    	0.3964    	5654.0622 	5106.90467225	5106.90467225	22.86699736	40.5794678	-14679.36792684	-12921.83730132	-27601.20522816
tm        	0.0001    	0.3817    	5731.5151 	5106.90467225	5106.90467225	23.16859587	40.80678126	-14986.02239924	-12993.15096548	-27979.17336472
tm        	0.0001    	0.3671    	5808.968  	5106.90467225	5106.90467225	23.46132451	41.02803303	-15292.74912963	-13066.52051847	-28359.2696481
tm        	0.0001    	0.3524    	5886.4209 	5106.90467225	5106.90467225	23.74555879	41.24346239	-15599.54364308	-13142.00621996	-28741.54986304
tm        	0.0001    	0.3377    	5963.8738 	5106.90467225	5106.90467225	24.02165402	41.45329617	-15906.40182717	-13219.67643239	-29126.07825956
tm        	0.0001    	0.323     	6041.3267 	5106.90467225	5106.90467225	24.28994657	41.6577496	-16213.31991604	-13299.60870362	-29512.92861966
tm        	0.0001    	0.3083    	6118.7796 	5106.90467225	5106.90467225	24.5507551	41.857027 	-16520.29437755	-13381.89112607	-29902.18550361
tm        	0.0001    	0.2936    	6196.2325 	5106.90467225	5106.90467225	24.80438162	42.05132246	-16827.32200792	-13466.62389878	-30293.9459067
tm        	0.0001    	0.279     	6273.6854 	5106.90467225	5106.90467225	25.05111255	42.24082051	-17134.399824	-13553.92135316	-30688.32117717
tm        	0.0001    	0.2643    	6351.1383 	5106.90467225	5106.90467225	25.29121969	42.42569664	-17441.52506197	-13643.91441252	-31085.4394745
tm        	0.0001    	0.2496    	6428.5912 	5106.90467225	5106.90467225	25.52496105	42.60611794	-17748.69515751	-13736.75368838	-31485.44884589
tm        	0.0001    	0.2349    	6506.0441 	5106.90467225	5106.90467225	25.75258175	42.78224348	-18055.90772807	-13832.6134079	-31888.52113597
tm        	0.0001    	0.2202    	6583.497  	5106.90467225	5106.90467225	25.97431475	42.9542249	-18363.16055708	-13931.69646046	-32294.85701753
tm        	0.0001    	0.2056    	6660.9499 	5106.90467225	5106.90467225	26.1903816	43.12220675	-18670.4515797	-14034.24097794	-32704.69255764
tm        	0.0001    	0.1909    	6738.4028 	5106.90467225	5106.90467225	26.40099307	43.28632695	-18977.77887003	-14140.52905901	-33118.30792905
tm        	0.0001    	0.1762    	6815.8557 	5106.90467225	5106.90467225	26.60634985	43.44671714	-19285.14062966	-14250.89855875	-33536.03918841
tm        	0.0001    	0.1615    	6893.3087 	5106.90467225	5106.90467225	26.80664306	43.60350306	-19592.53519758	-14365.75937109	-33958.29456867
tm        	0.0001    	0.1468    	6970.7616 	5106.90467225	5106.90467225	27.00205483	43.75680485	-19899.96095755	-14485.61652395	-34385.5774815
tm        	0.0001    	0.1321    	7048.2145 	5106.90467225	5106.90467225	27.19275884	43.90673736	-20207.41645728	-14611.10386274	-34818.52032002
tm        	0.0001    	0.1175    	7125.6674 	5106.90467225	5106.90467225	27.37892072	44.05341048	-20514.90031381	-14743.03509903	-35257.93541284
tm        	0.0001    	0.1028    	7203.1203 	5106.90467225	5106.90467225	27.56069859	44.19692933	-20822.41122864	-14882.20729511	-35704.61852375
tm        	0.0001    	0.0881    	7280.5732 	5106.90467225	5106.90467225	27.73824341	44.3373946	-21129.94798144	-15023.57467761	-36153.52265905
tm        	0.0001    	0.0734    	7358.0261 	5106.90467225	5106.90467225	27.91169939	44.47490269	-21437.50944283	-15164.81488236	-36602.32432519
tm        	0.0001    	0.0587    	7435.479  	5106.90467225	5106.90467225	28.08120436	44.60954604	-21745.09449092	-15305.92901399	-37051.02350491
tm        	0.0001    	0.044     	7512.9319 	5106.90467225	5106.90467225	28.24689012	44.74141323	-22052.70212932	-15446.91821461	-37499.62034393
tm        	0.0001    	0.0294    	7590.3848 	5106.90467225	5106.90467225	28.40888275	44.87058926	-22360.33141209	-15587.7836584	-37948.11507049
tm        	0.0001    	0.0147    	7667.8377 	5106.90467225	5106.90467225	28.56730291	44.99715567	-22667.98140968	-15728.52654699	-38396.50795667
tm        	0         	0.0       	7745.2906 	5106.90467225	5106.90467225	28.72226612	45.12119076	-22975.65124255	-15869.14810556	-38844.79934811
