time      	proj_id   	cont_type 	reward    	rate      	salary    	B_ENPV    	O_ENPV    	SB_Risk   	B_Risk    	SO_Risk   	O_Risk    	B_VaR     	O_VaR     	ST_VaR    	T_VaR     
2025-11-15 01:25:52	001       	ls        	37440.272 	0         	0         	5106.90467225	5106.90467225	29.585    	29.54219291	0.0       	0         	-10447.08906727	-1813.01740124	-12255.79587144	-12260.10646851
2025-11-15 01:25:52	001       	cp        	28880.5352	0.3357    	0         	5106.90467225	5106.90467225	19.211    	19.2050781	0.0       	0         	-7216.60820837	-3646.47504309	-10902.66044107	-10863.08325146
2025-11-15 01:25:52	001       	lh        	37440.272 	0         	0         	5106.90467225	5106.90467225	29.607    	29.54219291	0.0       	0         	-10447.08906727	-1813.01740124	-12264.52117442	-12260.10646851
2025-11-15 01:25:52	001       	tm        	22556.1272	0.5       	441.4918  	5106.90467225	5106.90467225	7.637     	7.57638629	7.841     	7.77482712	-5411.63536599	-5451.44788547	-10858.82929503	-10863.08325146
2025-11-15 01:25:59	002       	ls        	34088.0544	0         	0         	7106.90467225	7106.90467225	19.656    	19.75459243	0.0       	0         	-10317.88495004	-2523.04334361	-12881.25788329	-12840.92829365
2025-11-15 01:25:59	002       	cp        	24044.6427	0.4671    	0         	7106.90467225	7106.90467225	0.0       	0         	0.0       	0         	-5788.55289894	-5074.53035252	-10839.84709143	-10863.08325146
2025-11-15 01:25:59	002       	lh        	34088.0544	0         	0         	7106.90467225	7106.90467225	19.301    	19.75459243	0.0       	0         	-10317.88495004	-2523.04334361	-12907.61772522	-12840.92829365
2025-11-15 01:25:59	002       	tm        	18600.2985	0.625     	424.1376  	7106.90467225	7106.90467225	0.0       	0         	3.305     	3.26963919	-4054.5318631	-6808.55138836	-10835.64696795	-10863.08325146
2025-11-15 01:26:03	003       	ls        	35345.136 	0         	0         	6356.90467225	6356.90467225	23.308    	23.42494261	0.0       	0         	-10366.02445063	-2256.78361522	-12671.55050352	-12622.80806584
2025-11-15 01:26:03	003       	cp        	25734.8708	0.4178    	0         	6356.90467225	6356.90467225	4.734     	4.78630779	0.0       	0         	-6324.07798203	-4539.00526943	-10830.17258912	-10863.08325146
2025-11-15 01:26:03	003       	lh        	35345.136 	0         	0         	6356.90467225	6356.90467225	23.48     	23.42494261	0.0       	0         	-10366.02445063	-2256.78361522	-12625.03757515	-12622.80806584
2025-11-15 01:26:03	003       	tm        	22778.0651	0.5       	220.7456  	6356.90467225	6356.90467225	0.213     	0.20803121	0.075     	0.07159121	-5421.58877467	-5441.49447679	-10839.22941377	-10863.08325146
2025-11-15 01:26:07	004       	ls        	39535.4081	0         	0         	3856.90467225	3856.90467225	35.726    	35.65944321	0.0       	0         	-10528.15368392	-1369.25118726	-11865.43333327	-11897.40487118
2025-11-15 01:26:07	004       	cp        	32437.0347	0.2535    	0         	3856.90467225	3856.90467225	30.957    	30.78926592	0.0       	0         	-8109.14660799	-2753.93664347	-10836.28696481	-10863.08325146
2025-11-15 01:26:07	004       	lh        	39535.4081	0         	0         	3856.90467225	3856.90467225	36.022    	35.65944321	0.0       	0         	-10528.15368392	-1369.25118726	-11877.39855582	-11897.40487118
2025-11-15 01:26:07	004       	tm        	22334.1828	0.5       	662.2393  	3856.90467225	3856.90467225	19.083    	19.05688155	19.094    	19.11025137	-5401.68076761	-5461.40248385	-10863.45907454	-10863.08325146
2025-11-15 01:26:14	005       	ls        	45820.8161	0         	0         	106.90467225	106.90467225	54.163    	54.01119411	0.0       	0         	-10847.15631259	-37.95254533	-10850.72765083	-10885.10885792
2025-11-15 01:26:14	005       	cp        	45571.3608	0.007     	0         	106.90467225	106.90467225	53.934    	54.03957988	0.0       	0         	-10786.74954693	-76.33370454	-10866.60633402	-10863.08325146
2025-11-15 01:26:14	005       	lh        	45820.8161	0         	0         	106.90467225	106.90467225	53.89     	54.01119411	0.0       	0         	-10847.15631259	-37.95254533	-10905.24050875	-10885.10885792
2025-11-15 01:26:14	005       	tm        	33790.2159	0.25      	652.8008  	106.90467225	106.90467225	53.784    	53.86174816	52.543    	52.62174874	-8117.87626113	-2745.20699033	-10877.89996695	-10863.08325146
2025-11-15 01:26:32	006       	ls        	58391.6323	0         	0         	-7393.09532775	-7393.09532775	79.386    	79.33233945	100.0     	100       	-12440.03807856	-3325.94283581	-15737.1920601	-15765.98091437
2025-11-15 01:26:32	006       	cp        	54062.0226	0.0857    	0         	-7393.09532775	-7393.09532775	80.235    	80.17617857	100.0     	100       	-11868.14199939	-3560.24749076	-15413.06696248	-15428.38949015
2025-11-15 01:26:32	006       	lh        	51722.4063	0         	1379.6666 	-7393.09532775	-7393.09532775	81.623    	81.51794498	100.0     	100.0     	-10745.38552949	-289.37524842	-11002.40771022	-11034.76077791
2025-11-15 01:26:32	006       	tm        	37421.7219	0.233     	1904.3752 	-7393.09532775	-7393.09532775	86.46     	86.44963228	100.0     	100.0     	-8277.71133739	-2601.28009702	-10885.65795628	-10878.99143441
2025-11-15 01:26:42	007       	ls        	29940.272 	0         	0         	9581.55447945	9581.55447945	0.0       	0         	0.0       	0         	-5666.51329237	-3401.5761243	-9064.22790186	-9068.08941667
2025-11-15 01:26:42	007       	cp        	25776.6654	0.3965    	0         	9581.55447945	9581.55447945	0.0       	0         	0.0       	0         	-5330.00604502	-3502.34959792	-8818.70753912	-8832.35564293
2025-11-15 01:26:42	007       	lh        	29940.272 	0         	0         	9581.55447945	9581.55447945	0.0       	0         	0.0       	0         	-5666.51329237	-3401.5761243	-9071.95781428	-9068.08941667
2025-11-15 01:26:42	007       	tm        	21207.2412	0.5       	720.5366  	9581.55447945	9581.55447945	0.0       	0         	0.0       	0         	-3995.59951045	-4836.75613249	-8832.11996836	-8832.35564293
2025-11-15 01:26:50	008       	ls        	32440.272 	0         	0         	8090.00454372	8090.00454372	0.276     	0.29348537	0.0       	0         	-6600.87400786	-2872.05654995	-9428.39914157	-9472.9305578
2025-11-15 01:26:50	008       	cp        	26519.8047	0.382     	0         	8090.00454372	8090.00454372	0.0       	0         	0.0       	0         	-5530.28159639	-3417.881246	-8906.7005094	-8948.16284238
2025-11-15 01:26:50	008       	lh        	32440.272 	0         	0         	8090.00454372	8090.00454372	0.312     	0.29348537	0.0       	0         	-6600.87400786	-2872.05654995	-9489.52036758	-9472.9305578
2025-11-15 01:26:50	008       	tm        	21569.5876	0.5       	645.5778  	8090.00454372	8090.00454372	0.0       	0         	0.0       	0         	-4180.71135783	-4767.45148455	-8985.69431762	-8948.16284239
2025-11-15 01:26:52	009       	ls        	42440.272 	0         	0         	2123.80480078	2123.80480078	44.967    	44.95161904	0.0       	0         	-15797.8510237	-753.97825253	-16518.24020367	-16551.82927623
2025-11-15 01:26:52	009       	cp        	34287.3408	0.2297    	0         	2123.80480078	2123.80480078	43.536    	43.44655453	23.833    	23.72883256	-12037.46887653	-3588.70852004	-15603.76380322	-15626.17739657
2025-11-15 01:26:52	009       	lh        	42440.272 	0         	0         	2123.80480078	2123.80480078	44.843    	44.95161904	0.0       	0         	-15797.8510237	-753.97825253	-16584.59474366	-16551.82927623
2025-11-15 01:26:52	009       	tm        	22531.8429	0.5       	446.5155  	2123.80480078	2123.80480078	38.997    	38.89508219	39.028    	38.94128147	-7788.10127992	-7838.07611666	-15628.03793385	-15626.17739658
2025-11-15 01:26:56	010       	ls        	47440.272 	0         	0         	-859.29507069	-859.29507069	52.473    	52.55880409	100.0     	100       	-21890.38431997	-386.57235671	-22284.11274329	-22276.95667668
2025-11-15 01:26:56	010       	cp        	40977.267 	0.142     	0         	-859.29507069	-859.29507069	52.912    	52.98244233	62.786    	62.83495471	-18685.95870416	-3400.64589712	-22130.45668029	-22086.60460128
2025-11-15 01:26:56	010       	lh        	46826.5118	0         	126.9689  	-859.29507069	-859.29507069	52.38     	52.45175486	100.0     	100.0     	-22007.91377202	-36.06893403	-22083.57859238	-22043.98270605
2025-11-15 01:26:56	010       	tm        	22779.3592	0.5       	395.3116  	-859.29507069	-859.29507069	54.323    	54.45102296	54.17     	54.31284358	-10963.00252978	-11072.11499999	-22041.32966718	-22035.11752976
2025-11-15 01:27:05	011       	ls        	52440.272 	0         	0         	-3842.39494216	-3842.39494216	57.011    	57.09237902	100.0     	100       	-28149.72998452	-1728.58395079	-29898.74431243	-29878.31393531
2025-11-15 01:27:05	011       	cp        	11440.2568	0.7387    	0         	-3842.39494216	-3842.39494216	77.242    	77.1467207	59.043    	58.80598585	-7200.12305256	-21765.81176008	-29003.06860113	-28965.93481264
2025-11-15 01:27:05	011       	lh        	49764.9579	0         	553.4438  	-3842.39494216	-3842.39494216	56.61     	56.7200289	100.0     	100.0     	-28774.45803659	-176.53290711	-28894.45196522	-28950.9909437
2025-11-15 01:27:05	011       	tm        	9465.8603 	0.75      	279.1536  	-3842.39494216	-3842.39494216	77.746    	77.61827179	59.103    	58.92418183	-7179.42845083	-21740.84338053	-29000.68746571	-28920.27183135
2025-11-15 01:27:09	012       	ls        	36298.4236	0         	0         	7956.22383133	7956.22383133	25.062    	25.17634254	0.0       	0         	-14387.90592661	-696.88769932	-15092.54653377	-15084.79362593
2025-11-15 01:27:09	012       	cp        	23548.4236	0.5       	0         	7956.22383133	7956.22383133	0.962     	0.96717538	0.254     	0.2483264 	-7215.50355073	-7198.87016456	-14404.28533936	-14414.37371529
2025-11-15 01:27:09	012       	lh        	36298.4236	0         	0         	7956.22383133	7956.22383133	25.403    	25.17634254	0.0       	0         	-14387.90592661	-696.88769932	-15083.11641505	-15084.79362593
2025-11-15 01:27:09	012       	tm        	21855.8807	0.5       	860.6053  	7956.22383133	7956.22383133	0.389     	0.4272118 	1.265     	1.30986387	-7192.07146466	-7222.30225063	-14437.43197197	-14414.37371529
2025-11-15 01:27:12	013       	ls        	36760.9817	0         	0         	6578.65743952	6578.65743952	26.819    	26.6884542	0.0       	0         	-12477.61979522	-1379.81685101	-13783.90967912	-13857.43664623
2025-11-15 01:27:12	013       	cp        	27298.0911	0.3711    	0         	6578.65743952	6578.65743952	13.045    	12.93319425	0.0       	0         	-7935.66111653	-4677.31769841	-12615.0490719	-12612.97881493
2025-11-15 01:27:12	013       	lh        	36760.9817	0         	0         	6578.65743952	6578.65743952	26.596    	26.6884542	0.0       	0         	-12477.61979522	-1379.81685101	-13872.35154586	-13857.43664623
2025-11-15 01:27:12	013       	tm        	22888.7497	0.5       	340.8419  	6578.65743952	6578.65743952	3.127     	3.10752647	3.105     	3.09307317	-6308.61168022	-6304.36713471	-12635.00651246	-12612.97881493
2025-11-15 01:27:20	014       	ls        	38384.1686	0         	0         	3708.40538433	3708.40538433	35.128    	35.06365333	0.0       	0         	-8569.84962264	-1885.86898077	-10436.13586165	-10455.71860341
2025-11-15 01:27:20	014       	cp        	30768.3437	0.2987    	0         	3708.40538433	3708.40538433	28.705    	28.70313622	0.0       	0         	-6569.00164587	-2797.35535133	-9360.27231741	-9366.3569972
2025-11-15 01:27:20	014       	lh        	38384.1686	0         	0         	3708.40538433	3708.40538433	35.101    	35.06365333	0.0       	0         	-8569.84962264	-1885.86898077	-10471.64483907	-10455.71860341
2025-11-15 01:27:20	014       	tm        	25546.921 	0.4062    	386.1029  	3708.40538433	3708.40538433	22.331    	22.20566522	7.705     	7.64943766	-5434.23200178	-3932.12499543	-9349.56236906	-9366.3569972
2025-11-15 01:27:28	015       	ls        	41729.0328	0         	0         	1259.27308906	1259.27308906	59.449    	59.19257491	0.0       	0         	-5736.33693408	-1013.45406754	-6699.96790986	-6749.79100162
2025-11-15 01:27:28	015       	cp        	37458.0742	0.1675    	0         	1259.27308906	1259.27308906	57.693    	57.76853799	0.0       	0         	-5497.94499871	-1106.10466924	-6608.3712475	-6604.04966795
2025-11-15 01:27:28	015       	lh        	40524.6252	0         	129.3474  	1259.27308906	1259.27308906	59.08     	58.78449118	0.0       	0         	-5576.03207587	-1156.67951776	-6717.90179464	-6732.71159363
2025-11-15 01:27:28	015       	tm        	36811.2213	0.1562    	100.2465  	1259.27308906	1259.27308906	57.46     	57.6143939	2.022     	2.03853704	-5386.19604221	-1217.85362574	-6627.14396176	-6604.04966795
2025-11-15 01:27:55	016       	ls        	49596.0501	0         	0         	-549.98762886	-549.98762886	73.135    	73.33477075	100.0     	100       	-4368.37554611	-1872.59957328	-6239.58773158	-6240.97511939
2025-11-15 01:27:55	016       	cp        	48061.8931	0.0602    	0         	-549.98762886	-549.98762886	73.24     	73.13194896	100.0     	100       	-4365.86875956	-1837.82422961	-6183.14054447	-6203.69298917
2025-11-15 01:27:55	016       	lh        	45483.1789	0         	379.4887  	-549.98762886	-549.98762886	72.24     	72.34826635	99.381    	99.38663049	-4302.20200282	-655.15842118	-4967.97678721	-4957.360424
2025-11-15 01:27:55	016       	tm        	45337.3579	0.0057    	379.5846  	-549.98762886	-549.98762886	72.309    	72.30839226	99.36     	99.38257145	-4302.05403936	-650.84758823	-4970.56518575	-4952.90162759
2025-11-15 01:27:58	017       	ls        	36112.4624	0         	0         	8635.51730756	8635.51730756	24.713    	24.70937245	0.0       	0         	-15320.59114625	-847.97643789	-16179.35884221	-16168.56758414
2025-11-15 01:27:58	017       	cp        	23362.4624	0.5       	0         	8635.51730756	8635.51730756	0.573     	0.56873662	0.0       	0         	-7688.98533358	-7667.94487006	-15391.77407326	-15356.93020363
2025-11-15 01:27:58	017       	lh        	36112.4624	0         	0         	8635.51730756	8635.51730756	24.835    	24.70937245	0.0       	0         	-15320.59114625	-847.97643789	-16165.11959932	-16168.56758414
2025-11-15 01:27:58	017       	tm        	22374.1462	0.5       	185.3768  	8635.51730756	8635.51730756	0.027     	0.02290883	0.828     	0.8143246 	-7661.80206066	-7695.12814296	-15327.04735518	-15356.93020363
2025-11-15 01:28:02	018       	ls        	36513.7193	0         	0         	7266.46500233	7266.46500233	26.243    	25.96055385	0.0       	0         	-13423.59300981	-1381.81879351	-14791.01001542	-14805.41180333
2025-11-15 01:28:02	018       	cp        	26552.7818	0.3906    	0         	7266.46500233	7266.46500233	10.603    	10.55065248	0.0       	0         	-8260.04788072	-5284.93508877	-13535.8035847	-13544.98296949
2025-11-15 01:28:02	018       	lh        	36513.7193	0         	0         	7266.46500233	7266.46500233	26.155    	25.96055385	0.0       	0         	-13423.59300981	-1381.81879351	-14848.56068801	-14805.41180333
2025-11-15 01:28:02	018       	tm        	22954.6266	0.5       	156.6906  	7266.46500233	7266.46500233	1.946     	1.95174331	1.894     	1.89737955	-6774.55745687	-6770.42551263	-13586.97056866	-13544.98296949
2025-11-15 01:28:07	019       	ls        	38543.4715	0         	0         	3521.56826483	3521.56826483	34.992    	35.26227467	0.0       	0         	-8320.90089814	-1741.60992886	-10072.95302027	-10062.510827
2025-11-15 01:28:07	019       	cp        	31086.9462	0.2924    	0         	3521.56826483	3521.56826483	29.204    	29.17186114	0.0       	0         	-6390.67989489	-2640.97016846	-9025.54349711	-9031.65006335
2025-11-15 01:28:07	019       	lh        	38543.4715	0         	0         	3521.56826483	3521.56826483	35.167    	35.26227467	0.0       	0         	-8320.90089814	-1741.60992886	-10052.42580443	-10062.510827
2025-11-15 01:28:07	019       	tm        	27045.3018	0.375     	428.532   	3521.56826483	3521.56826483	25.148    	24.69140871	4.476     	4.31231444	-5565.48138979	-3466.16867355	-9012.38836084	-9031.65006334
2025-11-15 01:28:15	020       	ls        	41323.5935	0         	0         	1448.05611187	1448.05611187	54.427    	54.19818865	0.0       	0         	-5782.30417971	-1018.48587452	-6781.81066964	-6800.79005423
2025-11-15 01:28:15	020       	cp        	36647.2057	0.1834    	0         	1448.05611187	1448.05611187	53.099    	52.8542688	0.0       	0         	-5346.56052194	-1200.68871144	-6546.27831767	-6547.24923337
2025-11-15 01:28:15	020       	lh        	41323.5935	0         	0         	1448.05611187	1448.05611187	54.322    	54.19818865	0.0       	0         	-5782.30417971	-1018.48587452	-6789.42160364	-6800.79005423
2025-11-15 01:28:15	020       	tm        	35988.5446	0.1875    	140.5707  	1448.05611187	1448.05611187	52.826    	52.61823312	0.0       	0         	-5264.37189569	-1282.87733768	-6531.61499248	-6547.24923337
2025-11-15 01:28:49	021       	ls        	47053.5877	0         	0         	-190.81772469	-190.81772469	67.917    	67.77777646	100.0     	100       	-4403.62482253	-399.08429484	-4796.27853674	-4802.70911737
2025-11-15 01:28:49	021       	cp        	46767.004 	0.0112    	0         	-190.81772469	-190.81772469	67.869    	67.69852554	100.0     	100       	-4399.0434357	-396.10385749	-4791.16626365	-4795.14729319
2025-11-15 01:28:49	021       	lh        	45011.4709	0         	628.8896  	-190.81772469	-190.81772469	67.741    	67.73809682	93.665    	93.64595224	-4301.50611345	-116.3680131	-4420.78036671	-4417.87412654
2025-11-15 01:28:49	021       	tm        	44973.0411	0.0012    	631.3255  	-190.81772469	-190.81772469	67.797    	67.7300448	93.589    	93.57412934	-4300.65785116	-116.41389552	-4421.74623484	-4417.07174668
2025-11-15 01:28:51	022       	ls        	24440.272 	0         	0         	-2649.15499357	-2649.15499357	62.949    	62.87552624	100.0     	100       	-10757.00257509	-1191.77931316	-11931.33103039	-11948.78188825
2025-11-15 01:28:51	022       	cp        	13625.0674	0.4241    	0         	-2649.15499357	-2649.15499357	72.413    	72.35822228	76.925    	76.84419667	-6054.22435457	-5351.57364919	-11421.08375707	-11405.79800376
2025-11-15 01:28:51	022       	lh        	22582.6975	0         	384.2775  	-2649.15499357	-2649.15499357	62.37     	62.21923962	100.0     	100.0     	-11140.94179186	-118.59148147	-11268.10286396	-11259.53327334
2025-11-15 01:28:51	022       	tm        	9829.6226 	0.5       	384.9136  	-2649.15499357	-2649.15499357	74.416    	74.43630645	74.065    	74.08537191	-5553.02859926	-5683.77940575	-11178.87029987	-11236.80800501
2025-11-15 01:28:53	023       	ls        	29440.272 	0         	0         	333.9448779	333.9448779	50.156    	50.05501342	0.0       	0         	-10383.83698519	-118.55476331	-10523.18774851	-10502.3917485
2025-11-15 01:28:53	023       	cp        	27937.8631	0.0589    	0         	333.9448779	333.9448779	49.92     	50.05845763	25.579    	25.64072267	-9747.41932183	-610.25303121	-10384.27551931	-10357.67235303
2025-11-15 01:28:53	023       	lh        	29440.272 	0         	0         	333.9448779	333.9448779	50.344    	50.05501342	0.0       	0         	-10383.83698519	-118.55476331	-10462.31815679	-10502.3917485
2025-11-15 01:28:53	023       	tm        	14573.0597	0.5       	437.9889  	333.9448779	333.9448779	48.463    	48.61399192	48.479    	48.62563515	-5151.27585341	-5206.39649962	-10358.32056116	-10357.67235303
2025-11-15 01:29:01	024       	ls        	44440.272 	0         	0         	9283.2444923	9283.2444923	11.474    	11.59347496	0.0       	0         	-10738.66361174	-3295.67220943	-14041.06214273	-14034.33582117
2025-11-15 01:29:01	024       	cp        	34395.3864	0.3939    	0         	9283.2444923	9283.2444923	0.382     	0.38780017	0.0       	0         	-7686.32872104	-4995.64761127	-12686.6316218	-12681.97633231
2025-11-15 01:29:01	024       	lh        	44440.272 	0         	0         	9283.2444923	9283.2444923	11.623    	11.59347496	0.0       	0         	-10738.66361174	-3295.67220943	-14073.10101732	-14034.33582117
2025-11-15 01:29:01	024       	tm        	22610.5301	0.625     	1218.9315 	9283.2444923	9283.2444923	0.0       	0         	1.621     	1.59959217	-4404.7855727	-8277.19075962	-12730.08624428	-12681.97633231
2025-11-15 01:29:13	025       	ls        	54440.272 	0         	0         	15249.44423524	15249.44423524	0.0       	0         	0.0       	0         	-11871.11735931	-5413.75050684	-17209.49092289	-17284.86786615
2025-11-15 01:29:13	025       	cp        	43486.0618	0.4296    	0         	15249.44423524	15249.44423524	0.0       	0         	0.0       	0         	-9117.69195374	-6866.36407142	-15994.15083753	-15984.05602516
2025-11-15 01:29:13	025       	lh        	54440.272 	0         	0         	15249.44423524	15249.44423524	0.0       	0         	0.0       	0         	-11871.11735931	-5413.75050684	-17319.8642881	-17284.86786615
2025-11-15 01:29:13	025       	tm        	38684.337 	0.5       	621.8395  	15249.44423524	15249.44423524	0.0       	0         	0.0       	0         	-7736.873664	-8247.18236116	-15998.99450053	-15984.05602515
2025-11-15 01:29:30	026       	ls        	64440.272 	0         	0         	21215.64397818	21215.64397818	0.0       	0         	0.0       	0         	-13373.91429027	-7531.82880425	-20948.9768713	-20905.74309452
2025-11-15 01:29:30	026       	cp        	53034.3177	0.4473    	0         	21215.64397818	21215.64397818	0.0       	0         	0.0       	0         	-10822.57807071	-8758.43443227	-19660.61049128	-19581.01250298
2025-11-15 01:29:30	026       	lh        	64440.272 	0         	0         	21215.64397818	21215.64397818	0.0       	0         	0.0       	0         	-13373.91429027	-7531.82880425	-20946.14961547	-20905.74309452
2025-11-15 01:29:30	026       	tm        	43177.7846	0.5625    	1431.2832 	21215.64397818	21215.64397818	0.0       	0         	0.0       	0         	-7892.29412899	-11688.71837399	-19554.33841118	-19581.01250298
