time      	proj_id   	cont_type 	reward    	rate      	salary    	B_ENPV    	O_ENPV    	SB_Risk   	B_Risk    	SO_Risk   	O_Risk    	B_VaR     	O_VaR     	ST_VaR    	T_VaR     
2025-10-19 01:28:06	001       	ls        	37261.0882	0         	0         	5000.0    	5213.80934449	30.079    	30.00163871	0.0       	0         	-10440.15611825	-1850.96994657	-12293.50972296	-12291.12606482
2025-10-19 01:28:06	001       	cp        	28522.1712	0.3427    	0         	5000.0    	5213.80934449	19.463    	19.57486503	0.0       	0         	-7140.27654716	-3722.8067043	-10898.84000229	-10863.08325146
2025-10-19 01:28:06	001       	lh        	37261.0882	0         	0         	5000.0    	5213.80934449	30.134    	30.00163871	0.0       	0         	-10440.15611825	-1850.96994657	-12311.83100395	-12291.12606482
2025-10-19 01:28:06	001       	tm        	22468.1977	0.5       	422.6139  	5000.0    	5213.80934449	8.611     	8.55975883	6.882     	6.878766  	-5412.48555667	-5450.5976948	-10888.80917821	-10863.08325146
2025-10-19 01:28:13	002       	ls        	30556.6529	0         	0         	5000.0    	9213.80934449	28.833    	28.80946807	0.0       	0         	-10335.67012991	-3271.0218313	-13611.37058791	-13606.69196121
2025-10-19 01:28:13	002       	cp        	17535.7941	0.6056    	0         	5000.0    	9213.80934449	0.171     	0.17226071	0.0       	0         	-4284.16797161	-6578.91527985	-10872.39408927	-10863.08325146
2025-10-19 01:28:13	002       	lh        	30556.6529	0         	0         	5000.0    	9213.80934449	28.913    	28.80946807	0.0       	0         	-10335.67012991	-3271.0218313	-13611.55366133	-13606.69196121
2025-10-19 01:28:13	002       	tm        	12556.5444	0.75      	387.9048  	5000.0    	9213.80934449	0.0       	0         	0.687     	0.68825142	-2698.27929129	-8164.80396017	-10896.09387269	-10863.08325146
2025-10-19 01:28:19	003       	ls        	33070.8161	0         	0         	5000.0    	7713.80934449	29.494    	29.25653206	0.0       	0         	-10297.13056598	-2738.50237453	-12997.75715048	-13035.63294051
2025-10-19 01:28:19	003       	cp        	21409.2027	0.507     	0         	5000.0    	7713.80934449	7.905     	7.96055232	0.0       	0         	-5355.20996452	-5507.87328694	-10825.08865271	-10863.08325146
2025-10-19 01:28:19	003       	lh        	33070.8161	0         	0         	5000.0    	7713.80934449	29.193    	29.25653206	0.0       	0         	-10297.13056598	-2738.50237453	-13077.07126853	-13035.63294051
2025-10-19 01:28:19	003       	tm        	17163.6388	0.625     	316.9624  	5000.0    	7713.80934449	0.0       	0         	0.623     	0.57698066	-4059.36239504	-6803.72085643	-10862.07031723	-10863.08325147
2025-10-19 01:28:25	004       	ls        	41451.3602	0         	0         	5000.0    	2713.80934449	30.65     	30.74674537	0.0       	0         	-10602.28535155	-963.43751861	-11585.46645162	-11565.72287016
2025-10-19 01:28:25	004       	cp        	36456.7733	0.1784    	0         	5000.0    	2713.80934449	26.3      	26.56677024	0.0       	0         	-8925.34721644	-1937.73603502	-10919.50352301	-10863.08325146
2025-10-19 01:28:25	004       	lh        	41451.3602	0         	0         	5000.0    	2713.80934449	30.573    	30.74674537	0.0       	0         	-10602.28535155	-963.43751861	-11581.90106317	-11565.72287016
2025-10-19 01:28:25	004       	tm        	23274.3166	0.5       	864.1074  	5000.0    	2713.80934449	8.544     	8.54196676	29.567    	29.62516616	-5392.57775732	-5470.50549414	-10927.29212861	-10863.08325146
2025-10-19 01:28:35	005       	ls        	54022.1764	0         	0         	5000.0    	-4786.19065551	32.9      	32.98206532	100.0     	100       	-11813.44708823	-2153.1707378	-13984.41622337	-13966.61782603
2025-10-19 01:28:35	005       	cp        	51818.8306	0.0621    	0         	5000.0    	-4786.19065551	31.733    	31.85593433	100.0     	100       	-11372.74802932	-2349.29088557	-13730.12108797	-13722.03891489
2025-10-19 01:28:35	005       	lh        	49536.4505	0         	927.9647  	5000.0    	-4786.19065551	31.369    	31.39724499	100.0     	100.0     	-10756.78277413	-209.96079723	-10953.67888588	-10966.74357135
2025-10-19 01:28:35	005       	tm        	39708.5796	0.2109    	1411.9569 	5000.0    	-4786.19065551	25.559    	25.37667927	98.912    	98.91744266	-8507.98519596	-2355.0980555	-10848.65023495	-10863.08325146
2025-10-19 01:28:50	006       	ls        	79163.8086	0         	0         	5000.0    	-19786.19065551	38.756    	38.71493378	100.0     	100       	-15838.48387222	-8901.24313852	-24732.23900922	-24739.72701074
2025-10-19 01:28:50	006       	cp        	70485.4215	0.1718    	0         	5000.0    	-19786.19065551	37.797    	38.03357228	100.0     	100       	-14906.06929807	-9187.26042997	-24093.19852047	-24093.32972804
2025-10-19 01:28:50	006       	lh        	61945.3405	0         	3561.9944 	5000.0    	-19786.19065551	31.213    	31.36936905	100.0     	100.0     	-10737.79470062	-711.34417132	-11466.90157333	-11449.13887194
2025-10-19 01:28:50	006       	tm        	46143.7806	0.2514    	4204.5453 	5000.0    	-19786.19065551	23.562    	23.64693025	100.0     	100.0     	-8094.88300066	-3072.47226638	-11197.91052926	-11167.35526704
2025-10-19 01:28:56	007       	ls        	22261.0882	0         	0         	5000.0    	14163.1089589	0.818     	0.8313613 	0.0       	0         	-4228.66989094	-5028.08739268	-9251.86401289	-9256.75728362
2025-10-19 01:28:56	007       	cp        	16106.5414	0.5861    	0         	5000.0    	14163.1089589	0.0       	0         	0.0       	0         	-3655.30505355	-5177.05058938	-8824.45957632	-8832.35564293
2025-10-19 01:28:56	007       	lh        	22261.0882	0         	0         	5000.0    	14163.1089589	0.864     	0.8313613 	0.0       	0         	-4228.66989094	-5028.08739268	-9267.77314854	-9256.75728362
2025-10-19 01:28:56	007       	tm        	8870.1364 	0.75      	1141.0881 	5000.0    	14163.1089589	0.0       	0         	0.0       	0         	-1542.05491642	-7290.30072651	-8818.74541216	-8832.35564293
2025-10-19 01:29:08	008       	ls        	27261.0882	0         	0         	5000.0    	11180.00908743	10.516    	10.39932856	0.0       	0         	-5814.85730356	-3969.04824398	-9771.18430783	-9783.90554754
2025-10-19 01:29:08	008       	cp        	19079.3074	0.5279    	0         	5000.0    	11180.00908743	0.838     	0.81550482	0.0       	0         	-4224.8150038	-4723.34783858	-8946.80066011	-8948.16284238
2025-10-19 01:29:08	008       	lh        	27261.0882	0         	0         	5000.0    	11180.00908743	10.216    	10.39932856	0.0       	0         	-5814.85730356	-3969.04824398	-9767.76194327	-9783.90554754
2025-10-19 01:29:08	008       	tm        	11073.482 	0.7188    	1044.0719 	5000.0    	11180.00908743	0.0       	0         	0.0       	0         	-2042.19896182	-6905.96388055	-8947.135091	-8948.16284237
2025-10-19 01:29:15	009       	ls        	47261.0882	0         	0         	5000.0    	-752.39039844	36.741    	36.78074423	100.0     	100       	-15592.48388805	-338.47899215	-16009.0902891	-15930.96288021
2025-10-19 01:29:15	009       	cp        	46170.1305	0.0307    	0         	5000.0    	-752.39039844	36.298    	36.36162045	100.0     	100       	-15104.48078705	-718.88939729	-15909.57737693	-15823.37018435
2025-10-19 01:29:15	009       	lh        	46673.7581	0         	121.5013  	5000.0    	-752.39039844	36.928    	36.6435796	100.0     	100.0     	-15615.45760607	-25.65468021	-15572.11188581	-15641.11228628
2025-10-19 01:29:15	009       	tm        	24869.4091	0.5       	960.2268  	5000.0    	-752.39039844	21.294    	21.39345987	56.4      	56.44290379	-7759.35509001	-7866.82230657	-15650.6274627	-15626.17739658
2025-10-19 01:29:21	010       	ls        	57261.0882	0         	0         	5000.0    	-6718.59014138	40.067    	40.12739126	100.0     	100       	-21106.79653645	-3022.50218033	-24069.33368918	-24129.29871677
2025-10-19 01:29:21	010       	cp        	46635.1674	0.2335    	0         	5000.0    	-6718.59014138	37.149    	37.11926716	100.0     	100       	-16012.15564979	-7028.91946053	-23083.40532033	-23041.07511032
2025-10-19 01:29:21	010       	lh        	52451.0504	0         	995.0553  	5000.0    	-6718.59014138	39.339    	39.28844661	100.0     	100.0     	-21825.32786388	-279.83920942	-22161.36997262	-22105.16707329
2025-10-19 01:29:21	010       	tm        	28121.4977	0.5       	1321.8183 	5000.0    	-6718.59014138	28.001    	28.02589658	80.821    	80.73796995	-10835.1453617	-11199.97216807	-22027.75783894	-22035.11752977
2025-10-19 01:29:30	011       	ls        	67261.0882	0         	0         	5000.0    	-12684.78988432	42.095    	42.12185768	100.0     	100       	-26731.56066783	-5706.52536849	-32319.33797617	-32438.08603632
2025-10-19 01:29:30	011       	cp        	46600.1899	0.3723    	0         	5000.0    	-12684.78988432	37.256    	37.44982281	100.0     	100       	-16445.75654182	-13820.3973732	-30229.78209479	-30266.15391502
2025-10-19 01:29:30	011       	lh        	58414.5948	0         	1830.0792 	5000.0    	-12684.78988432	40.888    	40.89060305	100.0     	100.0     	-28443.34175089	-579.22891386	-29181.07390016	-29022.57066474
2025-10-19 01:29:30	011       	tm        	17762.21  	0.75      	1628.8737 	5000.0    	-12684.78988432	14.133    	14.10388636	80.216    	80.09564365	-6934.57313542	-21985.69869593	-28891.92215791	-28920.27183135
2025-10-19 01:29:35	012       	ls        	32693.6946	0         	0         	5000.0    	10912.44766267	34.597    	34.41923755	0.0       	0         	-14378.07152408	-955.82410787	-15355.39694736	-15333.89563195
2025-10-19 01:29:35	012       	cp        	19943.6946	0.5       	0         	5000.0    	10912.44766267	18.898    	18.8384751	0.0       	0         	-7205.66914821	-7208.70456708	-14430.41207913	-14414.37371529
2025-10-19 01:29:35	012       	lh        	32693.6946	0         	0         	5000.0    	10912.44766267	34.335    	34.41923755	0.0       	0         	-14378.07152408	-955.82410787	-15361.90712027	-15333.89563195
2025-10-19 01:29:35	012       	tm        	19435.7536	0.5       	258.2722  	5000.0    	10912.44766267	18.832    	18.79435542	0.0       	0         	-7198.6370569	-7215.73665838	-14438.5485648	-14414.37371529
2025-10-19 01:29:40	013       	ls        	34543.9267	0         	0         	5000.0    	8157.31487904	32.527    	32.37321046	0.0       	0         	-12445.13816421	-1710.92667958	-14123.43135419	-14156.06484379
2025-10-19 01:29:40	013       	cp        	22989.2392	0.4531    	0         	5000.0    	8157.31487904	17.71     	17.76815628	0.0       	0         	-6899.16756707	-5713.81124786	-12629.37256238	-12612.97881493
2025-10-19 01:29:40	013       	lh        	34543.9267	0         	0         	5000.0    	8157.31487904	32.158    	32.37321046	0.0       	0         	-12445.13816421	-1710.92667958	-14222.94134409	-14156.06484379
2025-10-19 01:29:40	013       	tm        	17269.0898	0.625     	406.1731  	5000.0    	8157.31487904	2.73      	2.71284714	3.37      	3.38673963	-4736.75435305	-7876.22446189	-12600.63161621	-12612.97881493
2025-10-19 01:29:53	014       	ls        	41036.6744	0         	0         	5000.0    	2416.81076867	28.468    	28.26235638	0.0       	0         	-8761.64024915	-1229.04267162	-9970.56339301	-9990.68292078
2025-10-19 01:29:53	014       	cp        	36073.3503	0.1946    	0         	5000.0    	2416.81076867	22.994    	23.00878126	0.0       	0         	-7543.28753439	-1823.06946282	-9401.3173911	-9366.3569972
2025-10-19 01:29:53	014       	lh        	41036.6744	0         	0         	5000.0    	2416.81076867	28.642    	28.26235638	0.0       	0         	-8761.64024915	-1229.04267162	-9967.89970031	-9990.68292078
2025-10-19 01:29:53	014       	tm        	27320.363 	0.375     	647.2482  	5000.0    	2416.81076867	11.086    	11.01803025	23.546    	23.5710293	-5641.00430391	-3725.35269329	-9365.99498239	-9366.3569972
2025-10-19 01:30:07	015       	ls        	54416.1314	0         	0         	5000.0    	-2481.45382188	39.489    	39.55785677	100.0     	100       	-8446.51408751	-4105.89040747	-12555.67632412	-12552.40449499
2025-10-19 01:30:07	015       	cp        	52526.1736	0.0741    	0         	5000.0    	-2481.45382188	39.075    	39.22222986	100.0     	100       	-8384.30746955	-4086.42676612	-12455.00474535	-12470.73423566
2025-10-19 01:30:07	015       	lh        	41072.3607	0         	1433.0551 	5000.0    	-2481.45382188	23.679    	23.61356887	91.544    	91.59118801	-6749.72315742	-1246.69104515	-8040.88339356	-7996.41420257
2025-10-19 01:30:07	015       	tm        	40708.1595	0.0092    	1446.9185 	5000.0    	-2481.45382188	22.987    	23.34256282	91.327    	91.39715393	-6726.64027423	-1260.35838029	-8041.86477654	-7986.99865452
2025-10-19 01:30:23	016       	ls        	85884.2006	0         	0         	5000.0    	-6099.97525773	58.446    	58.37957191	100.0     	100       	-9785.60964364	-20769.21455169	-30454.30349283	-30554.82419533
2025-10-19 01:30:23	016       	cp        	68986.939 	0.6626    	0         	5000.0    	-6099.97525773	58.125    	58.14999337	100.0     	100       	-9782.68594125	-20383.42040073	-30161.25225683	-30166.10634198
2025-10-19 01:30:23	016       	lh        	40463.8888	0         	4190.8664 	5000.0    	-6099.97525773	42.454    	42.32531966	99.457    	99.45594164	-9138.70388178	-7263.53856013	-16406.9873308	-16402.24244191
2025-10-19 01:30:23	016       	tm        	38872.4116	0.0621    	4191.6866 	5000.0    	-6099.97525773	42.552    	42.30666319	99.443    	99.45278529	-9138.4373743	-7215.67826239	-16349.46944778	-16354.11563669
2025-10-19 01:30:28	017       	ls        	31949.8497	0         	0         	5000.0    	12271.03461512	35.432    	35.38273833	0.0       	0         	-15305.2925524	-1204.97103434	-16489.89878592	-16510.26358674
2025-10-19 01:30:28	017       	cp        	19199.8497	0.5       	0         	5000.0    	12271.03461512	20.977    	20.76547666	0.0       	0         	-7673.68673972	-7683.24346391	-15359.87606807	-15356.93020363
2025-10-19 01:30:28	017       	lh        	31949.8497	0         	0         	5000.0    	12271.03461512	35.189    	35.38273833	0.0       	0         	-15305.2925524	-1204.97103434	-16527.75474525	-16510.26358674
2025-10-19 01:30:28	017       	tm        	18785.3639	0.5       	77.7444   	5000.0    	12271.03461512	20.58     	20.69825455	0.0       	0         	-7662.28645953	-7694.6437441	-15398.00148175	-15356.93020363
2025-10-19 01:30:33	018       	ls        	33554.8771	0         	0         	5000.0    	9532.93000466	33.691    	33.54732872	0.0       	0         	-13385.73056979	-1812.81845209	-15150.07362646	-15198.54902188
2025-10-19 01:30:33	018       	cp        	20804.8771	0.5       	0         	5000.0    	9532.93000466	16.811    	17.09465744	0.0       	0         	-6776.39280457	-6768.59016493	-13550.54005948	-13544.9829695
2025-10-19 01:30:33	018       	lh        	33554.8771	0         	0         	5000.0    	9532.93000466	33.587    	33.54732872	0.0       	0         	-13385.73056979	-1812.81845209	-15244.29789804	-15198.54902188
2025-10-19 01:30:33	018       	tm        	12732.3826	0.75      	328.7403  	5000.0    	9532.93000466	0.0       	0         	7.782     	7.83061286	-3388.43708153	-10156.54588797	-13532.35608121	-13544.98296949
2025-10-19 01:30:40	019       	ls        	41673.886 	0         	0         	5000.0    	2043.13652967	27.153    	27.23557081	0.0       	0         	-8526.36745932	-1010.44381324	-9511.36558011	-9536.81127256
2025-10-19 01:30:40	019       	cp        	37347.7847	0.1697    	0         	5000.0    	2043.13652967	22.581    	22.58450357	0.0       	0         	-7499.41945287	-1532.23061048	-9021.06112998	-9031.65006335
2025-10-19 01:30:40	019       	lh        	41673.886 	0         	0         	5000.0    	2043.13652967	27.175    	27.23557081	0.0       	0         	-8526.36745932	-1010.44381324	-9561.0430374	-9536.81127256
2025-10-19 01:30:40	019       	tm        	33415.6919	0.25      	416.9146  	5000.0    	2043.13652967	18.204    	18.24627874	11.033    	10.98328356	-6696.588462	-2335.06160135	-9042.38912941	-9031.65006334
2025-10-19 01:30:56	020       	ls        	52794.3738	0         	0         	5000.0    	-2103.88777626	31.473    	31.26385532	100.0     	100       	-7825.07149089	-2624.55011578	-10425.72095176	-10449.62160668
2025-10-19 01:30:56	020       	cp        	51452.5351	0.0526    	0         	5000.0    	-2103.88777626	30.948    	30.91008031	100.0     	100       	-7744.96153219	-2624.12674936	-10371.60103651	-10369.08828155
2025-10-19 01:30:56	020       	lh        	40386.1004	0         	3149.5905 	5000.0    	-2103.88777626	16.549    	16.69223257	91.283    	91.30642167	-6170.14457675	-859.63754738	-7055.38662787	-7029.78212412
2025-10-19 01:30:56	020       	tm        	39629.3528	0.0162    	3236.5095 	5000.0    	-2103.88777626	15.835    	15.78861998	90.714    	90.66271126	-6099.48583863	-914.59024508	-7041.99692748	-7014.0760837
2025-10-19 01:31:10	021       	ls        	75714.3507	0         	0         	5000.0    	-5381.63544938	44.889    	44.99530003	100.0     	100       	-8845.89579448	-11255.38097613	-20168.54917988	-20101.27677061
2025-10-19 01:31:10	021       	cp        	68161.2437	0.2962    	0         	5000.0    	-5381.63544938	44.495    	44.68635361	100.0     	100       	-8806.59836411	-11166.1275244	-19928.70060188	-19972.72588851
2025-10-19 01:31:10	021       	lh        	25906.5106	0         	15338.8058	5000.0    	-5381.63544938	21.235    	21.26293382	96.468    	96.55580639	-6698.80886606	-2938.15883137	-9667.06721669	-9636.96769743
2025-10-19 01:31:10	021       	tm        	25096.1699	0.0237    	15402.3719	5000.0    	-5381.63544938	20.921    	21.11427139	96.54     	96.46697432	-6687.42676382	-2934.94361017	-9626.44874625	-9622.37037399
2025-10-19 01:31:16	022       	ls        	37261.0882	0         	0         	5000.0    	-10298.30998715	29.916    	30.00163871	100.0     	100       	-10440.15611825	-4632.91609322	-15098.26860204	-15073.07221148
2025-10-19 01:31:16	022       	cp        	29894.3475	0.2889    	0         	5000.0    	-10298.30998715	21.819    	21.87718962	100.0     	100       	-7619.34867139	-6358.08769894	-13961.34946622	-13977.43637033
2025-10-19 01:31:16	022       	lh        	30008.176 	0         	1500.4141 	5000.0    	-10298.30998715	27.525    	27.43916319	100.0     	100.0     	-10873.30779916	-453.78593125	-11300.83337279	-11327.09373041
2025-10-19 01:31:16	022       	tm        	16957.4952	0.5       	1562.6161 	5000.0    	-10298.30998715	6.337     	6.42417667	100.0     	100.0     	-5352.99844838	-5883.80955663	-11214.03999738	-11236.80800501
2025-10-19 01:31:22	023       	ls        	37261.0882	0         	0         	5000.0    	-4332.11024421	29.866    	30.00163871	100.0     	100       	-10440.15611825	-1948.89290506	-12431.70272803	-12389.04902331
2025-10-19 01:31:22	023       	cp        	33188.9349	0.1597    	0         	5000.0    	-4332.11024421	26.243    	26.20114514	100.0     	100       	-8876.50685895	-3039.30343757	-11941.13463808	-11915.81029651
2025-10-19 01:31:22	023       	lh        	33887.5341	0         	697.8891  	5000.0    	-4332.11024421	28.774    	28.80975197	100.0     	100.0     	-10291.24444084	-148.1390927	-10426.01867557	-10439.38353354
2025-10-19 01:31:22	023       	tm        	26017.2786	0.25      	1007.2134 	5000.0    	-4332.11024421	21.065    	21.041965 	98.757    	98.76835803	-7704.87548456	-2652.79686847	-10370.45703338	-10357.67235303
2025-10-19 01:31:29	024       	ls        	37261.0882	0         	0         	5000.0    	13566.48898461	30.094    	30.00163871	0.0       	0         	-10440.15611825	-4816.27956294	-15251.2368614	-15256.4356812
2025-10-19 01:31:29	024       	cp        	22581.5456	0.5757    	0         	5000.0    	13566.48898461	7.504     	7.43948293	0.0       	0         	-5381.36221954	-7300.61411277	-12693.92496968	-12681.97633231
2025-10-19 01:31:29	024       	lh        	37261.0882	0         	0         	5000.0    	13566.48898461	29.83     	30.00163871	0.0       	0         	-10440.15611825	-4816.27956294	-15299.84551304	-15256.4356812
2025-10-19 01:31:29	024       	tm        	13690.9219	0.75      	919.5741  	5000.0    	13566.48898461	0.0       	0         	0.0       	0         	-2905.73057297	-9776.24575934	-12718.49674198	-12681.97633231
2025-10-19 01:31:39	025       	ls        	37261.0882	0         	0         	5000.0    	25498.88847049	30.03     	30.00163871	0.0       	0         	-10440.15611825	-9052.43615776	-19493.9349997	-19492.59227601
2025-10-19 01:31:39	025       	cp        	18944.393 	0.7183    	0         	5000.0    	25498.88847049	2.154     	2.13388641	0.0       	0         	-4502.68785801	-11481.36816714	-16009.56698222	-15984.05602515
2025-10-19 01:31:39	025       	lh        	37261.0882	0         	0         	5000.0    	25498.88847049	30.026    	30.00163871	0.0       	0         	-10440.15611825	-9052.43615776	-19512.90873631	-19492.59227601
2025-10-19 01:31:39	025       	tm        	16783.0824	0.75      	279.8971  	5000.0    	25498.88847049	0.043     	0.03587804	0.0       	0         	-3881.16589415	-12102.890131	-16073.75530631	-15984.05602514
2025-10-19 01:31:45	026       	ls        	37261.0882	0         	0         	5000.0    	37431.28795637	30.084    	30.00163871	0.0       	0         	-10440.15611825	-13288.59275258	-23742.393	-23728.74887083
2025-10-19 01:31:45	026       	cp        	17137.2707	0.7892    	0         	5000.0    	37431.28795637	0.502     	0.45122333	0.0       	0         	-4128.2872769	-15452.72522608	-19630.73971324	-19581.01250299
2025-10-19 01:31:45	026       	lh        	37261.0882	0         	0         	5000.0    	37431.28795637	29.886    	30.00163871	0.0       	0         	-10440.15611825	-13288.59275258	-23766.10161163	-23728.74887083
2025-10-19 01:31:45	026       	tm        	15141.1954	0.8125    	289.8552  	5000.0    	37431.28795637	0.0       	0         	0.0       	0         	-3534.86556305	-16046.14693994	-19589.73596288	-19581.01250298
