type      	reward    	rate      	salary    	B_ENPV    	O_ENPV    	B_Risk    	O_Risk    	B_VaR     	O_VaR     	T_VaR     
tm        	37261.0882	0.0       	0         	5000.0    	37431.28795637	30.00163871	37.79353069	-10440.15611825	-13288.59275258	-23728.74887083
tm        	37006.0882	0.01      	0         	5000.0    	37431.28795637	29.79963506	37.79370958	-10342.2397264	-13288.63162402	-23630.87135042
tm        	36751.0882	0.02      	0         	5000.0    	37431.28795637	29.59350889	37.79424628	-10244.32333455	-13288.74823933	-23533.07157388
tm        	36496.0882	0.03      	0         	5000.0    	37431.28795637	29.38313269	37.7951408	-10146.4069427	-13288.94260143	-23435.34954413
tm        	36241.0882	0.04      	0         	5000.0    	37431.28795637	29.16837366	37.79639316	-10048.49055085	-13289.2147152	-23337.70526605
tm        	35986.0882	0.05      	0         	5000.0    	37431.28795637	28.94909338	37.79800342	-9950.574159	-13289.56458749	-23240.13874648
tm        	35731.0882	0.06      	0         	5000.0    	37431.28795637	28.72514757	37.79997163	-9852.65776715	-13289.99222708	-23142.64999422
tm        	35476.0882	0.07      	0         	5000.0    	37431.28795637	28.49638571	37.80229785	-9754.7413753	-13290.49764471	-23045.23902001
tm        	35221.0882	0.08      	0         	5000.0    	37431.28795637	28.26265078	37.80498218	-9656.82498344	-13291.0808531	-22947.90583655
tm        	34966.0882	0.09      	0         	5000.0    	37431.28795637	28.02377881	37.8080247	-9558.90859159	-13291.74186692	-22850.65045851
tm        	34711.0882	0.1       	0         	5000.0    	37431.28795637	27.77959857	37.81142551	-9460.99219974	-13292.48070277	-22753.47290251
tm        	34456.0882	0.11      	0         	5000.0    	37431.28795637	27.52993114	37.81518474	-9363.07580789	-13293.29737924	-22656.37318713
tm        	34201.0882	0.12      	0         	5000.0    	37431.28795637	27.27458945	37.81930252	-9265.15941604	-13294.1919169	-22559.35133294
tm        	33946.0882	0.13      	0         	5000.0    	37431.28795637	27.01337783	37.82377899	-9167.24302419	-13295.16433826	-22462.40736245
tm        	33691.0882	0.14      	0         	5000.0    	37431.28795637	26.74609153	37.82861431	-9069.32663234	-13296.21466781	-22365.54130014
tm        	33436.0882	0.15      	0         	5000.0    	37431.28795637	26.47251613	37.83380864	-8971.41024049	-13297.46131498	-22268.87155547
tm        	33181.0882	0.16      	0         	5000.0    	37431.28795637	26.19242704	37.83936217	-8873.49384864	-13300.61564798	-22174.10949662
tm        	32926.0882	0.17      	0         	5000.0    	37431.28795637	25.90558881	37.8452751	-8775.57745679	-13306.07294385	-22081.65040063
tm        	32671.0882	0.18      	0         	5000.0    	37431.28795637	25.61175453	37.85154761	-8677.66106493	-13313.64298695	-21991.30405188
tm        	32416.0882	0.19      	0         	5000.0    	37431.28795637	25.31066508	37.85817995	-8579.74467308	-13323.16145074	-21902.90612382
tm        	32161.0882	0.2       	0         	5000.0    	37431.28795637	25.00204839	37.86517234	-8481.82828123	-13334.48520157	-21816.3134828
tm        	31906.0882	0.21      	0         	5000.0    	37431.28795637	24.68561863	37.87252502	-8383.91188938	-13347.48864573	-21731.40053511
tm        	31651.0882	0.22      	0         	5000.0    	37431.28795637	24.36107527	37.88023825	-8285.99549753	-13362.06084957	-21648.0563471
tm        	31396.0882	0.23      	0         	5000.0    	37431.28795637	24.02810223	37.8883123	-8188.07910568	-13378.10324152	-21566.1823472
tm        	31141.0882	0.24      	0         	5000.0    	37431.28795637	23.68636673	37.89674746	-8090.16271383	-13395.52775835	-21485.69047218
tm        	30886.0882	0.25      	0         	5000.0    	37431.28795637	23.33551829	37.90554402	-7992.24632198	-13414.25533484	-21406.50165682
tm        	30631.0882	0.26      	0         	5000.0    	37431.28795637	22.97518745	37.91470229	-7894.3320231	-13434.21466231	-21328.54668541
tm        	30376.0882	0.27      	0         	5000.0    	37431.28795637	22.60498454	37.92422259	-7797.47622282	-13455.34115939	-21252.81738221
tm        	30121.0882	0.28      	0         	5000.0    	37431.28795637	22.22449821	37.93410526	-7702.44280239	-13477.57611252	-21180.0189149
tm        	29866.0882	0.29      	0         	5000.0    	37431.28795637	21.83329396	37.94435065	-7609.08037777	-13500.86595295	-21109.94633073
tm        	29611.0882	0.3       	0         	5000.0    	37431.28795637	21.43091245	37.95495911	-7517.26174992	-13525.16164478	-21042.4233947
tm        	29356.0882	0.31      	0         	5000.0    	37431.28795637	21.0168677	37.96593103	-7426.87889278	-13550.41816368	-20977.29705646
tm        	29101.0882	0.32      	0         	5000.0    	37431.28795637	20.59064517	37.97726678	-7337.8392174	-13576.59405054	-20914.43326794
tm        	28846.0882	0.33      	0         	5000.0    	37431.28795637	20.15169957	37.98896678	-7250.06273564	-13603.65102716	-20853.7137628
tm        	28591.0882	0.34      	0         	5000.0    	37431.28795637	19.6994526	38.00103143	-7163.47987162	-13631.55366383	-20795.03353545
tm        	28336.0882	0.35      	0         	5000.0    	37431.28795637	19.23329033	38.01346116	-7078.02974898	-13660.26909039	-20738.29883937
tm        	28081.0882	0.36      	0         	5000.0    	37431.28795637	18.75256049	38.02625642	-6993.65883329	-13689.76674406	-20683.42557735
tm        	27826.0882	0.37      	0         	5000.0    	37431.28795637	18.25656939	38.03941765	-6910.31984387	-13720.01814846	-20630.33799233
tm        	27571.0882	0.38      	0         	5000.0    	37431.28795637	17.74457857	38.05294534	-6827.9708726	-13750.99671925	-20578.96759186
tm        	27316.0882	0.39      	0         	5000.0    	37431.28795637	17.21580117	38.06683995	-6746.57466414	-13782.67759247	-20529.25225662
tm        	27061.0882	0.4       	0         	5000.0    	37431.28795637	16.66939786	38.08110198	-6666.09802302	-13815.03747258	-20481.1354956
tm        	26806.0882	0.41      	0         	5000.0    	37431.28795637	16.1044724	38.09573196	-6586.51132194	-13848.05449731	-20434.56581925
tm        	26551.0882	0.42      	0         	5000.0    	37431.28795637	15.52006675	38.11073039	-6507.78809136	-13881.70811727	-20389.49620863
tm        	26296.0882	0.43      	0         	5000.0    	37431.28795637	14.92164666	38.12609781	-6429.90467512	-13915.9789883	-20345.88366342
tm        	26041.0882	0.44      	0         	5000.0    	37431.28795637	14.33353935	38.14183478	-6352.83994013	-13950.84887497	-20303.68881511
tm        	25786.0882	0.45      	0         	5000.0    	37431.28795637	13.75777398	38.15794187	-6276.57503072	-13986.30056381	-20262.87559453
tm        	25531.0882	0.46      	0         	5000.0    	37431.28795637	13.19392607	38.17441965	-6201.09316027	-14022.31778518	-20223.41094545
tm        	25276.0882	0.47      	0         	5000.0    	37431.28795637	12.6416099	38.19126871	-6126.37943401	-14058.88514268	-20185.2645767
tm        	25021.0882	0.48      	0         	5000.0    	37431.28795637	12.1004757	38.20848967	-6052.42069851	-14095.98804925	-20148.40874776
tm        	24766.0882	0.49      	0         	5000.0    	37431.28795637	11.57020728	38.22608315	-5979.20541362	-14133.6126692	-20112.81808282
tm        	24511.0882	0.5       	0         	5000.0    	37431.28795637	11.05052  	38.24404978	-5906.72354412	-14171.7458655	-20078.46940962
tm        	24256.0882	0.51      	0         	5000.0    	37431.28795637	10.54115917	38.26239022	-5834.96646833	-14210.37515179	-20045.34162012
tm        	24001.0882	0.52      	0         	5000.0    	37431.28795637	10.04189876	38.28110513	-5763.9269018	-14249.48864856	-20013.41555036
tm        	23746.0882	0.53      	0         	5000.0    	37431.28795637	9.55254042	38.3001952	-5693.5988342	-14289.07504305	-19982.67387725
tm        	23491.0882	0.54      	0         	5000.0    	37431.28795637	9.0729128 	38.31966112	-5623.97747841	-14329.12355265	-19953.10103106
tm        	23236.0882	0.55      	0         	5000.0    	37431.28795637	8.60287112	38.3395036	-5555.05923058	-14369.62389109	-19924.68312167
tm        	22981.0882	0.56      	0         	5000.0    	37431.28795637	8.1422971 	38.35972337	-5486.84164035	-14410.56623765	-19897.407878
tm        	22726.0882	0.57      	0         	5000.0    	37431.28795637	7.69109911	38.38032118	-5419.32339083	-14451.94120855	-19871.26459938
tm        	22471.0882	0.58      	0         	5000.0    	37431.28795637	7.24921268	38.40129778	-5352.50428773	-14493.73983079	-19846.24411852
tm        	22216.0882	0.59      	0         	5000.0    	37431.28795637	6.81660126	38.42265394	-5286.38525764	-14535.95351785	-19822.33877549
tm        	21961.0882	0.6       	0         	5000.0    	37431.28795637	6.39325738	38.44439045	-5220.96835522	-14578.57404732	-19799.54240254
tm        	21706.0882	0.61      	0         	5000.0    	37431.28795637	5.97920424	38.46650811	-5156.25677968	-14621.59354011	-19777.85031979
tm        	21451.0882	0.62      	0         	5000.0    	37431.28795637	5.57449758	38.48900775	-5092.25490057	-14665.00444129	-19757.25934186
tm        	21196.0882	0.63      	0         	5000.0    	37431.28795637	5.17922825	38.51189021	-5028.96829366	-14708.79950219	-19737.76779585
tm        	20941.0882	0.64      	0         	5000.0    	37431.28795637	4.79352519	38.53515632	-4966.40378734	-14752.97176382	-19719.37555116
tm        	20686.0882	0.65      	0         	5000.0    	37431.28795637	4.41755915	38.55880697	-4904.56952073	-14797.51454146	-19702.08406219
tm        	20431.0882	0.66      	0         	5000.0    	37431.28795637	4.05154722	38.58284304	-4843.4750144	-14842.42141029	-19685.89642469
tm        	20176.0882	0.67      	0         	5000.0    	37431.28795637	3.69575826	38.60726542	-4783.13125546	-14887.68619195	-19670.81744741
tm        	19921.0882	0.68      	0         	5000.0    	37431.28795637	3.35051952	38.63207504	-4723.55079864	-14933.3029421	-19656.85374074
tm        	19666.0882	0.69      	0         	5000.0    	37431.28795637	3.01622463	38.65727283	-4664.74788585	-14979.26593866	-19644.01382451
tm        	19411.0882	0.7       	0         	5000.0    	37431.28795637	2.69334332	38.68285974	-4606.73858687	-15025.56967093	-19632.30825779
tm        	19156.0882	0.71      	0         	5000.0    	37431.28795637	2.38243318	38.70883674	-4549.54096478	-15072.20882932	-19621.7497941
tm        	18901.0882	0.72      	0         	5000.0    	37431.28795637	2.08415413	38.73520482	-4493.1752704	-15119.1782958	-19612.3535662
tm        	18646.0882	0.73      	0         	5000.0    	37431.28795637	1.79928617	38.76196498	-4437.66417117	-15166.47313485	-19604.13730602
tm        	18391.0882	0.74      	0         	5000.0    	37431.28795637	1.52875124	38.78911824	-4383.03302099	-15214.08858503	-19597.12160602
tm        	18136.0882	0.75      	0         	5000.0    	37431.28795637	1.27364051	38.81666564	-4329.31017972	-15262.02005109	-19591.33023082
tm        	17881.0882	0.76      	0         	5000.0    	37431.28795637	1.03524849	38.84460824	-4276.52739275	-15310.26309644	-19586.79048919
tm        	17626.0882	0.77      	0         	5000.0    	37431.28795637	0.81511617	38.87294711	-4224.72024426	-15358.81343614	-19583.5336804
tm        	17371.0882	0.78      	0         	5000.0    	37431.28795637	0.61508598	38.90168334	-4173.92870172	-15407.66693032	-19581.59563204
tm        	17116.0882	0.79      	0         	5000.0    	37431.28795637	0.4373725 	38.93081805	-4124.19777423	-15456.81957791	-19581.01735214
tm        	16210.5717	0.8       	134.5727  	5000.0    	37431.28795637	0.00071776	39.30659656	-3852.78184126	-15728.23066172	-19581.01250298
tm        	15355.0798	0.81      	258.7968  	5000.0    	37431.28795637	0         	39.64310762	-3598.4519518	-15982.56055119	-19581.01250298
tm        	14499.56  	0.82      	383.0267  	5000.0    	37431.28795637	0         	39.96811007	-3344.11250535	-16236.89999763	-19581.01250298
tm        	13643.9786	0.83      	507.2693  	5000.0    	37431.28795637	0         	40.28216489	-3089.75204855	-16491.26045443	-19581.01250298
tm        	12788.4497	0.84      	631.5011  	5000.0    	37431.28795637	0         	40.58573179	-2835.40950196	-16745.60300102	-19581.01250298
tm        	11932.9037	0.85      	755.7364  	5000.0    	37431.28795637	0         	40.87932893	-2581.06114461	-16999.95135837	-19581.01250298
tm        	11077.3387	0.86      	879.9756  	5000.0    	37431.28795637	0         	41.16341367	-2326.70627489	-17254.30622809	-19581.01250298
tm        	10221.82  	0.87      	1004.2052 	5000.0    	37431.28795637	0         	41.43838938	-2072.36721059	-17508.6452924	-19581.01250298
tm        	9366.2285 	0.88      	1128.45   	5000.0    	37431.28795637	0         	41.70471287	-1818.00327905	-17763.00922393	-19581.01250298
tm        	8510.7498 	0.89      	1252.6713 	5000.0    	37431.28795637	0         	41.96269332	-1563.67788405	-18017.33461893	-19581.01250298
tm        	7716.3332 	0.9       	1364.2608 	5000.0    	37431.28795637	0         	42.18959615	-1330.21843419	-18250.81008279	-19581.02851698
tm        	7333.668  	0.91      	1390.6709 	5000.0    	37431.28795637	0         	42.25682266	-1238.51109131	-18343.77978265	-19582.29087396
tm        	6949.3017 	0.92      	1417.433  	5000.0    	37431.28795637	0         	42.32424218	-1148.2896823	-18437.48406759	-19585.77374989
tm        	6563.0127 	0.93      	1444.5928 	5000.0    	37431.28795637	0         	42.39192083	-1059.84408092	-18531.99409474	-19591.83817566
tm        	6174.446  	0.94      	1472.2239 	5000.0    	37431.28795637	0         	42.45997054	-973.55297689	-18627.42626001	-19600.9792369
tm        	5783.1437 	0.95      	1500.4208 	5000.0    	37431.28795637	0         	42.52853545	-889.9766307	-18723.9314655	-19613.9080962
tm        	5388.3428 	0.96      	1529.3415 	5000.0    	37431.28795637	0         	42.59786268	-809.94931043	-18821.76380247	-19631.7131129
tm        	4988.7686 	0.97      	1559.2496 	5000.0    	37431.28795637	0         	42.6683696	-734.87016119	-18921.34994915	-19656.22011034
tm        	4581.9234 	0.98      	1590.6619 	5000.0    	37431.28795637	0         	42.74088382	-667.4453501	-19023.52963471	-19690.97498481
tm        	4183.6821 	0.99      	1620.2943 	5000.0    	37431.28795637	0         	42.8098252	-610.86656059	-19122.91950837	-19733.78606896
tm        	3787.1255 	1.0       	1649.5783 	5000.0    	37431.28795637	0         	42.87766625	-556.47993917	-19221.86586581	-19778.34580498
