type      	reward    	rate      	salary    	B_ENPV    	O_ENPV    	B_Risk    	O_Risk    	B_VaR     	O_VaR     	T_VaR     
tm        	17137.2769	0.7892    	0.0       	5000.0    	37431.28795637	0.4512274 	38.92838195	-4128.2884701	-15452.72403288	-19581.01250298
tm        	16606.4546	0.7954    	77.0822   	5000.0    	37431.28795637	0.0979963 	39.1468042	-3970.47793456	-15610.53456843	-19581.01250299
tm        	16075.6263	0.8016    	154.1645  	5000.0    	37431.28795637	0         	39.36045978	-3812.66624253	-15768.34626045	-19581.01250299
tm        	15544.8116	0.8078    	231.2467  	5000.0    	37431.28795637	0         	39.56949085	-3654.85719389	-15926.15530909	-19581.01250298
tm        	15013.9879	0.814     	308.3289  	5000.0    	37431.28795637	0         	39.77403883	-3497.04638299	-16083.96611999	-19581.01250298
tm        	14483.1293	0.8202    	385.4111  	5000.0    	37431.28795637	0         	39.97424003	-3339.22883513	-16241.78366785	-19581.01250299
tm        	13952.3373	0.8264    	462.4934  	5000.0    	37431.28795637	0         	40.17021309	-3181.42417379	-16399.5883292	-19581.01250298
tm        	13421.509 	0.8326    	539.5756  	5000.0    	37431.28795637	0         	40.36209257	-3023.61248176	-16557.40002122	-19581.01250298
tm        	12890.693 	0.8388    	616.6578  	5000.0    	37431.28795637	0         	40.5499933	-2865.80315778	-16715.20934521	-19581.01250299
tm        	12359.8463	0.845     	693.74    	5000.0    	37431.28795637	0         	40.73403461	-2707.98792286	-16873.02458012	-19581.01250298
tm        	11829.0241	0.8512    	770.8223  	5000.0    	37431.28795637	0         	40.91432257	-2550.17740568	-17030.8350973	-19581.01250298
tm        	11298.202 	0.8574    	847.9045  	5000.0    	37431.28795637	0         	41.09096666	-2392.36690686	-17188.64559613	-19581.01250299
tm        	10767.3675	0.8636    	924.9867  	5000.0    	37431.28795637	0         	41.26407132	-2234.55402163	-17346.45848136	-19581.01250299
tm        	10236.5453	0.8698    	1002.069  	5000.0    	37431.28795637	0         	41.43373419	-2076.7435228	-17504.26898018	-19581.01250298
tm        	9705.7291 	0.876     	1079.1512 	5000.0    	37431.28795637	0         	41.60005208	-1918.93416211	-17662.07834089	-19581.01250299
tm        	9174.8705 	0.8822    	1156.2334 	5000.0    	37431.28795637	0         	41.76312172	-1761.11661423	-17819.89588876	-19581.01250299
tm        	8644.0428 	0.8884    	1233.3156 	5000.0    	37431.28795637	0         	41.92302685	-1603.3050507	-17977.70745228	-19581.01250298
tm        	8113.2382 	0.8946    	1310.3979 	5000.0    	37431.28795637	0         	42.07985479	-1445.49792954	-18135.51457345	-19581.01250299
tm        	7423.7196 	0.9071    	1387.4801 	5000.0    	37431.28795637	0         	42.24545993	-1257.81148999	-18324.04072438	-19581.85221437
tm        	6473.2343 	0.9297    	1464.5623 	5000.0    	37431.28795637	0         	42.42693453	-1031.04973853	-18563.54080719	-19594.59054572
tm        	5594.7489 	0.9496    	1541.6446 	5000.0    	37431.28795637	0         	42.59945634	-836.22325586	-18789.5181122	-19625.74136806
tm        	4816.259  	0.9655    	1618.7268 	5000.0    	37431.28795637	0         	42.76120706	-686.31491025	-18996.14582006	-19682.46073031
tm        	4205.5172 	0.9748    	1695.809  	5000.0    	37431.28795637	0         	42.90770987	-612.63705865	-19169.73866345	-19782.3757221
tm        	3987.8551 	0.9688    	1772.8912 	5000.0    	37431.28795637	0         	43.02416152	-740.05484649	-19265.75077383	-20005.80562031
tm        	3738.6236 	0.9639    	1849.9735 	5000.0    	37431.28795637	0         	43.14144091	-972.61588201	-19368.30861714	-20340.92449915
tm        	3488.2218 	0.9591    	1927.0557 	5000.0    	37431.28795637	0         	43.25738167	-1204.95226751	-19471.39210049	-20676.344368
tm        	3236.6482 	0.9544    	2004.1379 	5000.0    	37431.28795637	0         	43.37198419	-1437.0654711	-19574.99478174	-21012.06025284
tm        	2983.947  	0.9497    	2081.2201 	5000.0    	37431.28795637	0         	43.48524784	-1668.96576818	-19679.10158033	-21348.06734851
tm        	2730.128  	0.945     	2158.3024 	5000.0    	37431.28795637	0         	43.59717592	-1900.65668581	-19783.70432455	-21684.36101035
tm        	2475.2211 	0.9404    	2235.3846 	5000.0    	37431.28795637	0         	43.70777205	-2132.14556806	-19888.79117825	-22020.93674631
tm        	2219.255  	0.9358    	2312.4668 	5000.0    	37431.28795637	0         	43.81704139	-2363.43940478	-19994.35080475	-22357.79020953
tm        	1962.2459 	0.9313    	2389.5491 	5000.0    	37431.28795637	0         	43.92499102	-2594.54279659	-20100.37439497	-22694.91719156
tm        	1704.2036 	0.9268    	2466.6313 	5000.0    	37431.28795637	0         	44.03162948	-2825.45900409	-20206.8546117	-23032.31361579
tm        	1445.1505 	0.9223    	2543.7135 	5000.0    	37431.28795637	0.00091421	44.13696554	-3056.1936872	-20313.78184421	-23369.97553141
tm        	1185.1302 	0.9179    	2620.7957 	5000.0    	37431.28795637	0.14349039	44.24100788	-3286.7563555	-20421.14275224	-23707.89910774
tm        	924.1222  	0.9136    	2697.878  	5000.0    	37431.28795637	0.48580647	44.34376907	-3517.14449157	-20528.93613716	-24046.08062872
tm        	662.1624  	0.9092    	2774.9602 	5000.0    	37431.28795637	0.97770195	44.44525958	-3747.36609601	-20637.15039204	-24384.51648804
tm        	399.2528  	0.9049    	2852.0424 	5000.0    	37431.28795637	1.58116932	44.54549205	-3977.42279908	-20745.78038514	-24723.20318423
tm        	135.4534  	0.9006    	2929.1246 	5000.0    	37431.28795637	2.26724152	44.6444771	-4207.32679957	-20854.81051661	-25062.13731618
tm        	0.0001    	0.8913    	3006.2069 	5000.0    	37431.28795637	3.12511724	44.73689722	-4461.14374789	-20940.90014174	-25402.04388963
tm        	0.0001    	0.8767    	3083.2891 	5000.0    	37431.28795637	4.11831615	44.82304502	-4743.65405576	-21003.34337003	-25746.99742579
tm        	0.0001    	0.8621    	3160.3713 	5000.0    	37431.28795637	5.10128932	44.90868633	-5029.90557166	-21066.80354987	-26096.70912153
tm        	0.0001    	0.8475    	3237.4536 	5000.0    	37431.28795637	6.06173066	44.99379777	-5319.08018053	-21131.28722073	-26450.36740126
tm        	0.0001    	0.8329    	3314.5358 	5000.0    	37431.28795637	6.99309649	45.07835826	-5610.58663408	-21196.80167739	-26807.38831147
tm        	0.0001    	0.8183    	3391.618  	5000.0    	37431.28795637	7.89212336	45.16234886	-5903.98572952	-21263.35499369	-27167.34072322
tm        	0.0001    	0.8037    	3468.7002 	5000.0    	37431.28795637	8.75747577	45.2457526	-6198.94367141	-21330.95604923	-27529.89972065
tm        	0.0001    	0.7891    	3545.7825 	5000.0    	37431.28795637	9.58897281	45.32855432	-6495.2018234	-21399.61455962	-27894.81638301
tm        	0.0001    	0.7744    	3622.8647 	5000.0    	37431.28795637	10.38712878	45.41074057	-6792.55643071	-21469.34111023	-28261.89754094
tm        	0.0001    	0.7598    	3699.9469 	5000.0    	37431.28795637	11.1528721	45.49229946	-7090.84464058	-21540.14719396	-28630.99183454
tm        	0.0001    	0.7452    	3777.0291 	5000.0    	37431.28795637	11.88736959	45.57322054	-7389.93462991	-21612.04525322	-29001.97988314
tm        	0.0001    	0.7306    	3854.1114 	5000.0    	37431.28795637	12.59191475	45.65349473	-7689.71848595	-21685.04872661	-29374.76721256
tm        	0.0001    	0.716     	3931.1936 	5000.0    	37431.28795637	13.26785623	45.73311416	-7990.10697697	-21759.1721006	-29749.27907757
tm        	0.0001    	0.7014    	4008.2758 	5000.0    	37431.28795637	13.91655187	45.81207213	-8291.02564811	-21834.43096692	-30125.45661503
tm        	0.0001    	0.6868    	4085.3581 	5000.0    	37431.28795637	14.53933935	45.89036302	-8592.41186376	-21910.84208611	-30503.25394987
tm        	0.0001    	0.6722    	4162.4403 	5000.0    	37431.28795637	15.13751782	45.96798218	-8894.21253747	-21988.42345783	-30882.6359953
tm        	0.0001    	0.6575    	4239.5225 	5000.0    	37431.28795637	15.71233682	46.04492587	-9196.38238743	-22067.19438997	-31263.5767774
tm        	0.0001    	0.6429    	4316.6047 	5000.0    	37431.28795637	16.26499005	46.12119122	-9498.8824771	-22147.17562139	-31646.05809849
tm        	0.0001    	0.6283    	4393.687  	5000.0    	37431.28795637	16.79661241	46.19677611	-9801.67923059	-22228.38936289	-32030.06859348
tm        	0.0001    	0.6137    	4470.7692 	5000.0    	37431.28795637	17.30827926	46.27167918	-10104.74347888	-22310.85944096	-32415.60291984
tm        	0.0001    	0.5991    	4547.8514 	5000.0    	37431.28795637	17.80100702	46.34589971	-10408.04977012	-22394.61140713	-32802.66117725
tm        	0.0001    	0.5845    	4624.9337 	5000.0    	37431.28795637	18.27575479	46.41943762	-10711.5757936	-22479.67267025	-33191.24846385
tm        	0.0001    	0.5699    	4702.0159 	5000.0    	37431.28795637	18.73342653	46.49229338	-11015.3019079	-22566.07264422	-33581.37455211
tm        	0.0001    	0.5553    	4779.0981 	5000.0    	37431.28795637	19.17487355	46.56446799	-11319.21075199	-22653.84291326	-33973.05366525
tm        	0.0001    	0.5407    	4856.1803 	5000.0    	37431.28795637	19.60089723	46.63596295	-11623.28692262	-22743.01741733	-34366.30433995
tm        	0.0001    	0.526     	4933.2626 	5000.0    	37431.28795637	20.01225179	46.70678019	-11927.51670506	-22833.63266044	-34761.1493655
tm        	0.0001    	0.5114    	5010.3448 	5000.0    	37431.28795637	20.40964702	46.77692205	-12231.88784732	-22925.72794559	-35157.61579291
tm        	0.0001    	0.4968    	5087.427  	5000.0    	37431.28795637	20.79375096	46.84639126	-12536.38936965	-23019.34564025	-35555.73500989
tm        	0.0001    	0.4822    	5164.5092 	5000.0    	37431.28795637	21.16519251	46.91519089	-12841.01140327	-23114.53147746	-35955.54288074
tm        	0.0001    	0.4676    	5241.5915 	5000.0    	37431.28795637	21.5245639	46.98332432	-13145.74505294	-23211.33489846	-36357.0799514
tm        	0.0001    	0.453     	5318.6737 	5000.0    	37431.28795637	21.87242303	47.05079523	-13450.58227954	-23309.80944379	-36760.39172333
tm        	0.0001    	0.4384    	5395.7559 	5000.0    	37431.28795637	22.20929569	47.11760755	-13755.51579933	-23410.01320171	-37165.52900104
tm        	0.0001    	0.4238    	5472.8382 	5000.0    	37431.28795637	22.53567763	47.18376548	-14060.53899709	-23512.00932429	-37572.54832138
tm        	0.0001    	0.4091    	5549.9204 	5000.0    	37431.28795637	22.85203654	47.2492734	-14365.64585093	-23615.86662403	-37981.51247496
tm        	0.0001    	0.3945    	5627.0026 	5000.0    	37431.28795637	23.15881382	47.31413591	-14670.83086721	-23721.66026696	-38392.49113417
tm        	0.0001    	0.3799    	5704.0848 	5000.0    	37431.28795637	23.45642634	47.37835781	-14976.08902374	-23829.47258177	-38805.56160551
tm        	0.0001    	0.3653    	5781.1671 	5000.0    	37431.28795637	23.745268 	47.44194402	-15281.41572014	-23939.39400984	-39220.80972998
tm        	0.0001    	0.3507    	5858.2493 	5000.0    	37431.28795637	24.02571118	47.50489964	-15586.80673446	-24051.52422711	-39638.33096157
tm        	0.0001    	0.3361    	5935.3315 	5000.0    	37431.28795637	24.29810817	47.56722988	-15892.25818496	-24165.9734775	-40058.23166246
tm        	0.0001    	0.3215    	6012.4137 	5000.0    	37431.28795637	24.56279242	47.62894008	-16197.76651647	-24282.86416558	-40480.63068205
tm        	0.0001    	0.3069    	6089.496  	5000.0    	37431.28795637	24.82007969	47.69003568	-16503.32838989	-24402.33279466	-40905.66118456
tm        	0.0001    	0.2922    	6166.5782 	5000.0    	37431.28795637	25.07026925	47.75052219	-16808.94077835	-24524.53228537	-41333.47306372
tm        	0.0001    	0.2776    	6243.6604 	5000.0    	37431.28795637	25.31364483	47.81040524	-17114.60086125	-24649.63486094	-41764.23572219
tm        	0.0001    	0.263     	6320.7427 	5000.0    	37431.28795637	25.55047561	47.86969048	-17420.30602438	-24777.8355999	-42198.14162428
tm        	0.0001    	0.2484    	6397.8249 	5000.0    	37431.28795637	25.78101711	47.92838366	-17726.05384137	-24909.35689054	-42635.4107319
tm        	0.0001    	0.2338    	6474.9071 	5000.0    	37431.28795637	26.00551202	47.98649055	-18031.84205702	-25044.45407784	-43076.29613486
tm        	0.0001    	0.2192    	6551.9893 	5000.0    	37431.28795637	26.22419096	48.04401697	-18337.66857256	-25183.05858334	-43520.72715591
tm        	0.0001    	0.2046    	6629.0716 	5000.0    	37431.28795637	26.43727321	48.10096877	-18643.5314322	-25322.37278859	-43965.9042208
tm        	0.0001    	0.19      	6706.1538 	5000.0    	37431.28795637	26.64496738	48.15735184	-18949.42881123	-25461.74135012	-44411.17016136
tm        	0.0001    	0.1753    	6783.236  	5000.0    	37431.28795637	26.84747205	48.21317206	-19255.35900516	-25601.16181755	-44856.52082271
tm        	0.0001    	0.1607    	6860.3182 	5000.0    	37431.28795637	27.04497632	48.26843533	-19561.32044028	-25740.63180955	-45301.95224983
tm        	0.0001    	0.1461    	6937.4005 	5000.0    	37431.28795637	27.23766038	48.32314758	-19867.31158187	-25880.14901214	-45747.46059401
tm        	0.0001    	0.1315    	7014.4827 	5000.0    	37431.28795637	27.425696 	48.3773147	-20173.33105339	-26019.71117634	-46193.04222973
tm        	0.0001    	0.1169    	7091.5649 	5000.0    	37431.28795637	27.60924704	48.43094261	-20479.37754263	-26159.31611652	-46638.69365914
tm        	0.0001    	0.1023    	7168.6472 	5000.0    	37431.28795637	27.78846985	48.48403718	-20785.44981725	-26298.96170851	-47084.41152576
tm        	0.0001    	0.0877    	7245.7294 	5000.0    	37431.28795637	27.96351372	48.53660432	-21091.5467188	-26438.64588789	-47530.1926067
tm        	0.0001    	0.0731    	7322.8116 	5000.0    	37431.28795637	28.13452124	48.58864986	-21397.66717578	-26578.36664822	-47976.03382401
tm        	0.0001    	0.0584    	7399.8938 	5000.0    	37431.28795637	28.30162868	48.64017965	-21703.81012074	-26718.12203948	-48421.93216022
tm        	0.0001    	0.0438    	7476.9761 	5000.0    	37431.28795637	28.46496633	48.69119951	-22009.9746082	-26857.91016634	-48867.88477455
tm        	0.0001    	0.0292    	7554.0583 	5000.0    	37431.28795637	28.62465883	48.7417152	-22316.15974005	-26997.72918671	-49313.88892677
tm        	0.0001    	0.0146    	7631.1405 	5000.0    	37431.28795637	28.78082544	48.7917325	-22622.36463185	-27137.57731027	-49759.94194211
tm        	0         	-0.0      	7708.2228 	5000.0    	37431.28795637	28.93358034	48.8412571	-22928.58844647	-27277.45279691	-50206.04124338
