type      	reward    	rate      	salary    	B_ENPV    	O_ENPV    	B_Risk    	O_Risk    	B_VaR     	O_VaR     	T_VaR     
tm        	37261.0882	0.0       	0         	5000.0    	5213.80934449	30.00163871	0         	-5440.15611825	3362.83939793	-2077.31672033
tm        	37006.0882	0.01      	0         	5000.0    	5213.80934449	29.79963506	0         	-5342.2397264	3362.56030023	-1979.67942617
tm        	36751.0882	0.02      	0         	5000.0    	5213.80934449	29.59350889	0         	-5244.32333455	3361.72264548	-1882.60068907
tm        	36496.0882	0.03      	0         	5000.0    	5213.80934449	29.38313269	0         	-5146.4069427	3353.57046647	-1792.83647622
tm        	36241.0882	0.04      	0         	5000.0    	5213.80934449	29.16837366	0         	-5048.49055085	3334.20428004	-1714.28627081
tm        	35986.0882	0.05      	0         	5000.0    	5213.80934449	28.94909338	0         	-4950.574159	3307.39085637	-1643.18330263
tm        	35731.0882	0.06      	0         	5000.0    	5213.80934449	28.72514757	0         	-4852.65776715	3275.08659445	-1577.57117269
tm        	35476.0882	0.07      	0         	5000.0    	5213.80934449	28.49638571	0         	-4754.7413753	3238.46030144	-1516.28107385
tm        	35221.0882	0.08      	0         	5000.0    	5213.80934449	28.26265078	0         	-4656.82498344	3198.27637628	-1458.54860716
tm        	34966.0882	0.09      	0         	5000.0    	5213.80934449	28.02377881	0         	-4558.90859159	3155.06656667	-1403.84202493
tm        	34711.0882	0.1       	0         	5000.0    	5213.80934449	27.77959857	0         	-4460.99219974	3109.21758073	-1351.77461901
tm        	34456.0882	0.11      	0         	5000.0    	5213.80934449	27.52993114	0         	-4363.07580789	3061.02007567	-1302.05573222
tm        	34201.0882	0.12      	0         	5000.0    	5213.80934449	27.27458945	0         	-4265.15941604	3010.6980015	-1254.46141455
tm        	33946.0882	0.13      	0         	5000.0    	5213.80934449	27.01337783	0         	-4167.24302419	2958.42714179	-1208.8158824
tm        	33691.0882	0.14      	0         	5000.0    	5213.80934449	26.74609153	0         	-4069.32663234	2904.34733517	-1164.97929717
tm        	33436.0882	0.15      	0         	5000.0    	5213.80934449	26.47251613	0         	-3971.41024049	2848.57080909	-1122.8394314
tm        	33181.0882	0.16      	0         	5000.0    	5213.80934449	26.19242704	0         	-3873.49384864	2791.18801803	-1082.3058306
tm        	32926.0882	0.17      	0         	5000.0    	5213.80934449	25.90558881	0         	-3775.57745679	2732.27181952	-1043.30563726
tm        	32671.0882	0.18      	0         	5000.0    	5213.80934449	25.61175453	0         	-3677.66106493	2671.88050568	-1005.78055926
tm        	32416.0882	0.19      	0         	5000.0    	5213.80934449	25.31066508	0         	-3579.74467308	2610.06002124	-969.68465185
tm        	32161.0882	0.2       	0         	5000.0    	5213.80934449	25.00204839	0         	-3481.82828123	2546.8455849	-934.98269634
tm        	31906.0882	0.21      	0         	5000.0    	5213.80934449	24.68561863	0         	-3383.91188938	2482.26285771	-901.64903167
tm        	31651.0882	0.22      	0         	5000.0    	5213.80934449	24.36107527	0         	-3285.99549753	2416.32875405	-869.66674348
tm        	31396.0882	0.23      	0         	5000.0    	5213.80934449	24.02810223	0         	-3188.07910568	2349.05195717	-839.02714851
tm        	31141.0882	0.24      	0         	5000.0    	5213.80934449	23.68636673	0         	-3090.16271383	2280.43317715	-809.72953668
tm        	30886.0882	0.25      	0         	5000.0    	5213.80934449	23.33551829	0         	-2992.24632198	2210.46516922	-781.78115275
tm        	30631.0882	0.26      	0         	5000.0    	5213.80934449	22.97518745	0         	-2894.3320231	2139.13251377	-755.19950934
tm        	30376.0882	0.27      	0         	5000.0    	5213.80934449	22.60498454	0         	-2797.47622282	2066.41114211	-731.06508071
tm        	30121.0882	0.28      	0         	5000.0    	5213.80934449	22.22449821	0         	-2702.44280239	1992.26757346	-710.17522893
tm        	29866.0882	0.29      	0         	5000.0    	5213.80934449	21.83329396	0         	-2609.08037777	1916.65780439	-692.42257339
tm        	29611.0882	0.3       	0         	5000.0    	5213.80934449	21.43091245	0         	-2517.26174992	1839.52576047	-677.73598946
tm        	29356.0882	0.31      	0         	5000.0    	5213.80934449	21.0168677	0         	-2426.87889278	1760.8011732	-666.07771958
tm        	29101.0882	0.32      	0         	5000.0    	5213.80934449	20.59064517	0         	-2337.8392174	1680.39667632	-657.44254108
tm        	28846.0882	0.33      	0         	5000.0    	5213.80934449	20.15169957	0         	-2250.06273564	1598.20380647	-651.85892917
tm        	28591.0882	0.34      	0         	5000.0    	5213.80934449	19.6994526	0         	-2163.47987162	1514.08741675	-649.39245487
tm        	28336.0882	0.35      	0         	5000.0    	5213.80934449	19.23329033	0         	-2078.02974898	1427.87771273	-650.15203625
tm        	27839.3912	0.36      	50.0      	5000.0    	5213.80934449	18.61913506	0         	-1947.11966784	1297.81892419	-649.30074365
tm        	27471.5625	0.37      	73.3409   	5000.0    	5213.80934449	18.05775195	0         	-1840.43534946	1191.16144249	-649.27390697
tm        	27086.6894	0.38      	100.2079  	5000.0    	5213.80934449	17.46854704	0         	-1730.59326062	1081.31935365	-649.27390697
tm        	26701.8193	0.39      	127.0742  	5000.0    	5213.80934449	16.86002571	0         	-1620.75173901	971.47783204	-649.27390696
tm        	26316.9445	0.4       	153.9414  	5000.0    	5213.80934449	16.23121754	0         	-1510.90933721	861.63543024	-649.27390697
tm        	25932.0617	0.41      	180.8104  	5000.0    	5213.80934449	15.58108904	0.06948939	-1401.0654445	751.79153754	-649.27390696
tm        	25547.1892	0.42      	207.6772  	5000.0    	5213.80934449	14.90854864	0.44835544	-1291.2234789	641.94957193	-649.27390697
tm        	25162.3197	0.43      	234.5433  	5000.0    	5213.80934449	14.21241214	1.03919229	-1181.38205832	532.10815135	-649.27390697
tm        	24777.4427	0.44      	261.4111  	5000.0    	5213.80934449	13.49140893	1.75838202	-1071.53925633	422.26534936	-649.27390697
tm        	24392.5651	0.45      	288.2789  	5000.0    	5213.80934449	12.74418702	2.55492964	-961.69633752	312.42243055	-649.27390697
tm        	24007.6966	0.46      	315.1449  	5000.0    	5213.80934449	11.96929618	3.39642122	-851.85510891	202.58120194	-649.27390697
tm        	23622.826 	0.47      	342.0113  	5000.0    	5213.80934449	11.16516274	4.26164894	-742.0134824	92.73957543	-649.27390697
tm        	23237.9459	0.48      	368.8797  	5000.0    	5213.80934449	10.33009466	5.13640115	-632.17009312	-17.10381385	-649.27390697
tm        	22853.0762	0.49      	395.7459  	5000.0    	5213.80934449	9.46228604	6.01097542	-522.32864647	-126.94526049	-649.27390696
tm        	22468.1936	0.5       	422.6148  	5000.0    	5213.80934449	8.55975591	6.87877112	-412.48478651	-236.78912047	-649.27390697
tm        	22083.3252	0.51      	449.4807  	5000.0    	5213.80934449	7.62039808	7.73519749	-302.64357463	-346.63033234	-649.27390697
tm        	21698.4492	0.52      	476.3483  	5000.0    	5213.80934449	6.6501121 	8.57717263	-192.80094727	-456.47295969	-649.27390696
tm        	21313.5716	0.53      	503.2161  	5000.0    	5213.80934449	5.69666406	9.40260299	-82.9580402	-566.31586677	-649.27390697
tm        	20928.7099	0.54      	530.0807  	5000.0    	5213.80934449	4.77961839	10.21012062	26.8819419	-676.15584887	-649.27390697
tm        	20543.8341	0.55      	556.9481  	5000.0    	5213.80934449	3.91133455	10.99892751	136.72451477	-785.99842175	-649.27390697
tm        	20158.9588	0.56      	583.8155  	5000.0    	5213.80934449	3.10319642	11.76857068	246.56701808	-895.84092505	-649.27390697
tm        	19774.081 	0.57      	610.6834  	5000.0    	5213.80934449	2.36586522	12.51839781	356.40997406	-1005.68388103	-649.27390697
tm        	19389.2033	0.58      	637.5513  	5000.0    	5213.80934449	1.70959693	13.24374645	466.25292047	-1115.52682745	-649.27390697
tm        	19004.3281	0.59      	664.4187  	5000.0    	5213.80934449	1.14447255	13.94450546	576.09538529	-1225.36929226	-649.27390697
tm        	18619.4533	0.6       	691.2859  	5000.0    	5213.80934449	0.68060187	14.62190565	685.93779414	-1335.21170111	-649.27390697
tm        	18236.4627	0.61      	717.7634  	5000.0    	5213.80934449	0.33000671	15.27600463	795.42916181	-1444.70396966	-649.27480785
tm        	17872.0997	0.62      	740.3874  	5000.0    	5213.80934449	0.11025294	15.8983889	901.33461288	-1550.7462467	-649.41163382
tm        	17506.2703	0.63      	763.3147  	5000.0    	5213.80934449	0.00681128	16.50183726	1007.29473545	-1657.07805814	-649.78332269
tm        	17138.9759	0.64      	786.5452  	5000.0    	5213.80934449	0         	17.08723659	1113.30009181	-1763.69424286	-650.39415105
tm        	16770.2205	0.65      	810.0778  	5000.0    	5213.80934449	0         	17.65541775	1219.3398105	-1870.58977551	-651.24996501
tm        	16400.0221	0.66      	833.909   	5000.0    	5213.80934449	0         	18.20715378	1325.39943741	-1977.75769388	-652.35825648
tm        	16028.4025	0.67      	858.0341  	5000.0    	5213.80934449	0         	18.74316943	1431.46262496	-2085.19087376	-653.7282488
tm        	15655.3931	0.68      	882.4468  	5000.0    	5213.80934449	0         	19.26414209	1537.51009028	-2192.88108187	-655.37099159
tm        	15281.0471	0.69      	907.136   	5000.0    	5213.80934449	0         	19.7706984	1643.51706975	-2300.81653394	-657.29946419
tm        	14905.4107	0.7       	932.0921  	5000.0    	5213.80934449	0         	20.26343303	1749.45859972	-2408.98728715	-659.52868743
tm        	14528.5603	0.71      	957.2994  	5000.0    	5213.80934449	0         	20.74289187	1855.30242597	-2517.37826879	-662.07584282
tm        	14150.5873	0.72      	982.7388  	5000.0    	5213.80934449	0         	21.20958325	1961.01171016	-2625.97210958	-664.96039942
tm        	13771.5827	0.73      	1008.3918 	5000.0    	5213.80934449	0         	21.66398787	2066.54758501	-2734.75183338	-668.20424836
tm        	13391.6802	0.74      	1034.2304 	5000.0    	5213.80934449	0         	22.10653995	2171.86115446	-2843.69300137	-671.8318469
tm        	13010.9942	0.75      	1060.2311 	5000.0    	5213.80934449	0         	22.53765974	2276.90447081	-2952.77484588	-675.87037506
tm        	12629.6889	0.76      	1086.36   	5000.0    	5213.80934449	0         	22.95772214	2381.61786565	-3061.96777656	-680.34991091
tm        	12247.9091	0.77      	1112.587  	5000.0    	5213.80934449	0         	23.36709161	2485.94217848	-3171.24581192	-685.30363344
tm        	11865.8223	0.78      	1138.8775 	5000.0    	5213.80934449	0         	23.76610342	2589.81079717	-3280.57886369	-690.76806652
tm        	11483.5941	0.79      	1165.1973 	5000.0    	5213.80934449	0         	24.15507692	2693.15388923	-3389.93727155	-696.78338232
tm        	11101.4002	0.8       	1191.51   	5000.0    	5213.80934449	0         	24.53431096	2795.89575047	-3499.28953915	-703.39378867
tm        	10719.4026	0.81      	1217.782  	5000.0    	5213.80934449	0         	24.90409554	2897.95856847	-3608.60660093	-710.64803246
tm        	10337.7476	0.82      	1243.9832 	5000.0    	5213.80934449	0         	25.2647134	2999.26219138	-3717.86225153	-718.60006015
tm        	9956.5975 	0.83      	1270.08   	5000.0    	5213.80934449	0         	25.61642671	3099.71749868	-3827.02738773	-727.30988905
tm        	9576.0745 	0.84      	1296.047  	5000.0    	5213.80934449	0         	25.95950219	3199.23543063	-3936.08019117	-736.84476053
tm        	9196.3081 	0.85      	1321.8575 	5000.0    	5213.80934449	0         	26.2941908	3297.71686351	-4044.99753502	-747.28067151
tm        	8817.3962 	0.86      	1347.4912 	5000.0    	5213.80934449	0         	26.62074493	3395.05766427	-4153.76208471	-758.70442044
tm        	8439.4367 	0.87      	1372.9279 	5000.0    	5213.80934449	0         	26.93940528	3491.14020357	-4262.35656876	-771.21636518
tm        	8062.494  	0.88      	1398.1543 	5000.0    	5213.80934449	0         	27.2504151	3585.83564955	-4370.76983878	-784.93418923
tm        	7686.6515 	0.89      	1423.153  	5000.0    	5213.80934449	0         	27.55399924	3678.98938046	-4478.98751698	-799.99813653
tm        	7311.9705 	0.9       	1447.9115 	5000.0    	5213.80934449	0         	27.85038109	3770.42080498	-4586.99925921	-816.57845423
tm        	6938.501  	0.91      	1472.4194 	5000.0    	5213.80934449	0         	28.1397787	3859.91064513	-4694.79692403	-834.8862789
tm        	6566.2941 	0.92      	1496.666  	5000.0    	5213.80934449	0         	28.42240014	3947.18217275	-4802.37229931	-855.19012656
tm        	6195.4142 	0.93      	1520.6382 	5000.0    	5213.80934449	0         	28.69843963	4031.87306566	-4909.71504122	-877.84197555
tm        	5825.927  	0.94      	1544.3222 	5000.0    	5213.80934449	0         	28.96808248	4113.49390034	-5016.81471917	-903.32081883
tm        	5457.9331 	0.95      	1567.6973 	5000.0    	5213.80934449	0         	29.23149327	4191.34436485	-5123.65497893	-932.31061408
tm        	5091.5583 	0.96      	1590.7375 	5000.0    	5213.80934449	0         	29.48882047	4264.3620513	-5230.2153412	-965.85328989
tm        	4727.01   	0.97      	1613.3998 	5000.0    	5213.80934449	0         	29.7401767	4330.77074285	-5336.46138172	-1005.69063887
tm        	4364.7196 	0.98      	1635.595  	5000.0    	5213.80934449	0         	29.98558922	4387.12387633	-5442.32009781	-1055.19622148
tm        	4056.6994 	0.99      	1646.5633 	5000.0    	5213.80934449	0         	30.2066764	4420.45849456	-5538.76496948	-1118.30647493
tm        	3787.1255 	1.0       	1649.5783 	5000.0    	5213.80934449	0         	30.40975863	4443.52006089	-5628.83701938	-1185.31695849
